k : 29



C.V.size: 89
572 6
548 6
362 4
180 2
375 4
236 2
782 9
706 8
639 7
347 4
396 4
388 4
795 9
229 2
355 4
222 2
715 8
722 8
820 9
325 3
577 6
724 8
802 9
473 5
586 6
786 9
659 8
200 2
445 5
819 9
408 4
228 2
592 6
423 5
579 6
114 1
402 4
498 5
628 7
65 0
315 3
634 7
412 4
684 8
513 5
79 0
108 1
672 8
750 9
156 1
761 9
813 9
618 7
673 8
139 1
351 4
231 2
312 3
465 5
138 1
443 5
72 0
442 5
633 7
33 0
746 8
259 3
495 5
202 2
656 7
175 1
240 3
558 6
276 3
651 7
170 1
289 3
107 1
37 0
573 6
227 2
561 6
252 3
763 9
537 6
214 2
555 6
13 0
44 0

572 820
572 819
572 802
572 786
572 782
572 724
572 715
572 706
572 673
572 672
572 659
572 651
572 639
572 634
572 633
572 628
572 618
572 795
572 763
572 761
572 813
572 586
572 573
572 579
572 746
572 592
572 750
572 656
572 684
572 722
572 577
548 819
548 750
548 724
548 715
548 706
548 684
548 673
548 672
548 659
548 651
548 639
548 634
548 633
548 628
548 618
548 586
548 579
548 573
548 572
548 561
548 558
548 555
548 577
548 820
548 802
548 795
548 786
548 761
548 592
548 813
548 656
548 746
548 782
548 722
362 819
362 786
362 750
362 724
362 722
362 715
362 706
362 684
362 673
362 672
362 659
362 651
362 639
362 634
362 633
362 628
362 618
362 586
362 558
362 555
362 548
362 537
362 513
362 498
362 577
362 572
362 820
362 802
362 795
362 761
362 473
362 465
362 592
362 782
362 396
362 443
362 412
362 442
362 656
362 375
362 388
362 402
362 408
362 423
362 445
180 819
180 724
180 715
180 673
180 672
180 656
180 651
180 633
180 628
180 618
180 513
180 498
180 495
180 473
180 465
180 276
180 802
180 259
180 795
180 252
180 240
180 763
180 222
180 214
180 202
180 200
180 443
180 746
180 586
180 782
180 684
180 639
180 592
180 561
180 572
180 315
180 706
180 579
180 231
180 396
180 375
180 236
180 228
180 555
180 786
180 659
180 402
180 577
180 362
180 442
180 820
180 558
180 750
180 229
180 548
180 813
180 761
180 634
180 289
180 722
180 312
180 325
180 347
180 351
180 355
180 388
180 408
180 423
180 445
375 819
375 724
375 715
375 706
375 684
375 673
375 672
375 659
375 651
375 639
375 634
375 633
375 628
375 618
375 592
375 586
375 579
375 572
375 558
375 555
375 548
375 537
375 513
375 498
375 495
375 473
375 465
375 577
375 820
375 802
375 795
375 786
375 763
375 761
375 656
375 813
375 782
375 396
375 443
375 442
375 722
375 388
375 402
375 408
375 412
375 423
375 445
236 819
236 786
236 724
236 722
236 715
236 706
236 684
236 673
236 672
236 659
236 639
236 634
236 633
236 628
236 618
236 592
236 586
236 579
236 312
236 561
236 289
236 820
236 276
236 802
236 259
236 795
236 252
236 240
236 761
236 473
236 782
236 498
236 656
236 396
236 325
236 443
236 750
236 408
236 548
236 412
236 315
236 572
236 445
236 746
236 465
236 347
236 351
236 355
236 362
236 375
236 388
236 402
236 423
236 495
236 513
236 537
236 573
236 577
782 819
782 802
782 795
782 786
782 820
706 819
706 813
706 802
706 795
706 786
706 761
706 750
706 724
706 820
706 763
706 782
706 746
706 722
639 820
639 819
639 782
639 724
639 722
639 715
639 706
639 672
639 659
639 651
639 802
639 795
639 786
639 763
639 813
639 656
347 819
347 746
347 724
347 672
347 656
347 651
347 633
347 618
347 513
347 495
347 473
347 465
347 722
347 443
347 573
347 572
347 592
347 498
347 628
347 442
347 786
347 782
347 634
347 761
347 684
347 813
347 639
347 750
347 706
347 579
347 362
347 375
347 577
347 558
347 715
347 548
347 388
347 795
347 802
347 820
347 351
347 355
347 396
347 402
347 408
347 412
347 423
347 445
396 819
396 724
396 722
396 672
396 656
396 651
396 633
396 618
396 513
396 495
396 473
396 802
396 572
396 498
396 628
396 442
396 634
396 684
396 579
396 639
396 537
396 786
396 659
396 402
396 782
396 750
396 592
396 706
396 548
396 577
396 715
396 465
396 763
396 761
396 795
396 820
396 408
396 412
396 423
396 443
396 445
388 819
388 724
388 715
388 673
388 672
388 651
388 634
388 633
388 628
388 618
388 555
388 802
388 786
388 473
388 443
388 722
388 586
388 820
388 684
388 813
388 639
388 746
388 577
388 592
388 782
388 795
388 659
388 402
388 572
388 513
388 548
388 706
388 579
388 537
388 573
388 750
388 558
388 465
388 763
388 396
388 408
388 412
388 423
388 442
388 445
388 498
795 820
795 819
795 802
795 813
229 819
229 724
229 722
229 672
229 656
229 651
229 633
229 618
229 513
229 495
229 473
229 465
229 445
229 443
229 573
229 572
229 315
229 586
229 276
229 498
229 628
229 442
229 388
229 634
229 684
229 639
229 577
229 592
229 782
229 236
229 408
229 659
229 402
229 362
229 375
229 579
229 706
229 537
229 813
229 715
229 561
229 252
229 548
229 750
229 761
229 240
229 795
229 259
229 802
229 820
229 289
229 312
229 325
229 347
229 351
229 355
229 396
229 412
229 423
355 819
355 746
355 724
355 722
355 672
355 656
355 651
355 618
355 513
355 495
355 473
355 465
355 592
355 573
355 572
355 388
355 498
355 628
355 442
355 634
355 684
355 639
355 782
355 750
355 396
355 375
355 579
355 706
355 362
355 537
355 786
355 659
355 402
355 548
355 577
355 561
355 715
355 763
355 761
355 795
355 802
355 820
355 408
355 412
355 423
355 443
222 819
222 724
222 715
222 673
222 672
222 651
222 633
222 628
222 618
222 763
222 240
222 229
222 443
222 722
222 659
222 402
222 795
222 412
222 746
222 586
222 498
222 684
222 639
222 236
222 473
222 408
222 315
222 782
222 231
222 396
222 375
222 706
222 579
222 227
222 228
222 555
222 558
222 577
222 813
222 802
222 572
222 548
222 362
222 537
222 573
222 442
222 820
222 465
222 445
222 750
222 561
222 634
222 513
222 312
222 325
222 347
222 351
222 355
222 388
222 423
715 819
715 724
715 722
715 795
715 746
715 786
715 782
715 813
715 820
715 802
715 750
715 761
722 724
722 820
722 761
722 746
722 782
722 795
722 786
722 819
722 802
325 672
325 651
325 513
325 495
325 473
325 465
325 445
325 443
325 423
325 722
325 586
325 572
325 819
325 673
325 634
325 498
325 628
325 442
325 388
325 786
325 782
325 684
325 813
325 577
325 639
325 362
325 746
325 592
325 396
325 375
325 750
325 706
325 579
325 558
325 659
325 402
325 548
325 763
325 795
325 802
325 820
325 347
325 351
325 355
325 408
325 412
577 820
577 819
577 802
577 795
577 786
577 782
577 724
577 722
577 715
577 706
577 659
577 656
577 813
577 628
577 651
577 634
577 672
577 579
577 746
577 750
577 763
577 586
577 592
577 618
577 639
577 673
577 684
724 802
724 820
724 746
724 782
724 795
724 819
724 761
802 819
802 820
802 813
473 746
473 724
473 722
473 672
473 656
473 651
473 495
473 513
473 684
473 618
473 802
473 573
473 572
473 586
473 673
473 628
473 498
473 592
473 820
473 634
473 761
473 639
473 786
473 659
473 782
473 795
473 706
473 579
473 548
473 577
473 715
473 633
473 819
586 813
586 802
586 795
586 786
586 761
586 750
586 724
586 715
586 706
586 684
586 673
586 672
586 659
586 651
586 820
586 763
586 592
586 746
586 782
586 628
586 656
586 722
586 633
586 634
586 639
786 820
786 819
786 813
786 795
786 802
659 820
659 813
659 802
659 786
659 761
659 750
659 724
659 715
659 706
659 673
659 795
659 763
659 746
659 782
659 684
659 722
200 819
200 724
200 672
200 633
200 513
200 495
200 473
200 465
200 443
200 722
200 572
200 315
200 498
200 586
200 673
200 634
200 442
200 388
200 684
200 639
200 362
200 577
200 592
200 746
200 795
200 786
200 813
200 659
200 402
200 782
200 231
200 396
200 375
200 750
200 236
200 228
200 706
200 537
200 558
200 715
200 561
200 222
200 252
200 548
200 445
200 202
200 214
200 229
200 240
200 802
200 289
200 312
200 325
200 347
200 351
200 355
200 408
200 412
200 423
445 656
445 651
445 495
445 465
445 633
445 513
445 618
445 592
445 672
445 572
445 684
445 715
445 586
445 673
445 786
445 782
445 750
445 639
445 579
445 558
445 659
445 548
445 577
445 706
445 628
445 498
445 634
445 819
445 473
445 761
445 722
445 724
445 746
445 802
819 820
408 724
408 722
408 672
408 656
408 651
408 495
408 473
408 465
408 445
408 443
408 684
408 423
408 513
408 572
408 412
408 586
408 628
408 498
408 786
408 782
408 820
408 634
408 761
408 579
408 639
408 592
408 659
408 750
408 706
408 548
408 577
408 715
408 618
408 633
408 819
408 795
228 820
228 819
228 408
228 396
228 388
228 375
228 355
228 656
228 813
228 786
228 252
228 633
228 236
228 351
228 558
228 750
228 229
228 347
228 592
228 412
228 802
228 618
228 651
228 362
228 684
228 628
228 577
228 325
228 561
228 722
228 579
228 706
228 746
228 724
228 473
228 763
228 442
228 537
228 548
228 555
228 572
228 586
228 634
228 639
228 659
228 673
228 715
228 761
228 231
228 782
228 795
592 761
592 746
592 706
592 656
592 639
592 634
592 633
592 618
592 820
592 813
592 722
592 651
592 795
592 672
592 819
592 802
592 628
592 782
592 786
592 724
423 819
423 724
423 722
423 672
423 651
423 633
423 618
423 513
423 495
423 592
423 443
423 572
423 498
423 586
423 673
423 761
423 684
423 782
423 706
423 750
423 715
423 813
423 639
423 795
423 746
423 786
423 659
423 442
423 548
423 802
423 820
423 445
423 465
423 473
579 795
579 786
579 761
579 746
579 715
579 673
579 639
579 634
579 592
579 586
579 820
579 813
579 819
579 802
579 628
579 750
579 722
579 763
579 659
579 684
579 724
579 782
114 820
114 813
114 396
114 139
114 388
114 375
114 618
114 351
114 561
114 558
114 408
114 402
114 659
114 259
114 513
114 795
114 555
114 412
114 200
114 325
114 138
114 628
114 802
114 722
114 315
114 572
114 362
114 347
114 761
114 634
114 684
114 229
114 175
114 180
114 706
114 715
114 592
114 473
114 222
114 227
114 355
114 231
114 750
114 498
114 548
114 573
114 577
114 579
114 586
114 633
114 639
114 672
114 673
114 156
114 170
114 724
114 746
114 228
114 236
114 782
114 786
402 746
402 724
402 672
402 651
402 495
402 473
402 465
402 445
402 443
402 722
402 412
402 573
402 572
402 498
402 442
402 592
402 786
402 782
402 820
402 634
402 761
402 684
402 750
402 579
402 659
402 813
402 639
402 586
402 706
402 577
402 715
402 513
402 548
402 423
402 618
402 819
402 795
402 802
402 408
498 819
498 746
498 724
498 715
498 673
498 672
498 656
498 634
498 633
498 628
498 618
498 513
498 813
498 722
498 572
498 786
498 548
498 820
498 761
498 684
498 706
498 579
498 586
498 782
498 639
498 659
498 802
498 795
628 819
628 802
628 782
628 684
628 639
628 795
628 786
628 659
628 706
628 715
628 820
628 656
628 651
628 763
628 633
628 634
628 672
65 819
65 724
65 715
65 672
65 651
65 634
65 633
65 628
65 618
65 276
65 782
65 259
65 795
65 240
65 222
65 473
65 214
65 465
65 202
65 706
65 548
65 312
65 820
65 761
65 315
65 572
65 175
65 639
65 72
65 586
65 79
65 138
65 139
65 396
65 375
65 228
65 579
65 107
65 231
65 236
65 362
65 577
65 786
65 229
65 656
65 289
65 170
65 592
65 180
65 722
65 200
65 325
65 347
65 355
65 388
65 402
65 408
65 412
65 423
65 443
65 445
65 498
65 513
315 746
315 724
315 722
315 672
315 618
315 513
315 495
315 473
315 465
315 445
315 443
315 572
315 819
315 673
315 634
315 498
315 628
315 592
315 706
315 579
315 786
315 782
315 813
315 577
315 442
315 750
315 715
315 375
315 362
315 659
315 402
315 684
315 548
315 388
315 795
315 820
315 325
315 347
315 351
315 355
315 396
315 408
315 412
315 423
634 819
634 795
634 782
634 761
634 786
634 656
634 820
634 813
634 639
634 659
634 706
634 722
634 763
634 651
634 724
412 819
412 473
412 572
412 802
412 651
412 820
412 628
412 813
412 577
412 639
412 586
412 592
412 786
412 659
412 782
412 761
412 750
412 548
412 706
412 561
412 795
412 722
412 763
412 656
412 537
412 634
412 618
412 633
412 423
412 445
412 495
412 724
684 813
684 802
684 795
684 786
684 761
684 724
684 715
684 706
684 763
684 746
684 782
684 750
684 722
513 819
513 746
513 724
513 722
513 672
513 656
513 684
513 572
513 706
513 579
513 786
513 820
513 586
513 628
513 639
513 782
513 659
513 577
513 802
513 548
513 715
79 820
79 819
79 813
79 782
79 706
79 659
79 639
79 633
79 362
79 231
79 229
79 228
79 355
79 222
79 180
79 537
79 202
79 795
79 252
79 786
79 573
79 802
79 412
79 561
79 555
79 548
79 750
79 236
79 763
79 586
79 325
79 579
79 396
79 139
79 200
79 715
79 315
79 572
79 577
79 592
79 347
79 618
79 108
79 375
79 513
79 388
79 156
79 423
79 684
79 498
79 558
79 114
79 628
108 498
108 442
108 388
108 355
108 180
108 813
108 819
108 289
108 659
108 347
108 229
108 412
108 537
108 156
108 362
108 548
108 802
108 228
108 227
108 375
108 396
108 139
108 231
108 579
108 325
108 782
108 138
108 315
108 572
108 558
108 561
108 820
108 312
108 175
108 236
108 750
108 573
108 706
108 592
108 795
108 170
108 684
108 114
108 586
108 763
108 200
108 715
108 722
108 473
108 222
108 746
108 761
108 252
108 259
108 555
672 724
672 722
672 673
672 782
672 750
672 706
672 715
672 819
750 820
750 819
750 813
750 795
750 761
750 802
750 786
750 763
156 819
156 813
156 802
156 423
156 408
156 375
156 402
156 659
156 236
156 750
156 231
156 227
156 473
156 396
156 715
156 782
156 200
156 558
156 651
156 761
156 634
156 362
156 202
156 628
156 592
156 412
156 724
156 175
156 561
156 180
156 442
156 537
156 548
156 555
156 572
156 573
156 577
156 586
156 618
156 633
156 639
156 673
156 684
156 222
156 763
156 228
156 229
156 786
156 795
761 820
761 802
761 782
761 813
761 786
761 795
761 763
761 819
813 820
618 673
618 628
618 782
618 820
618 634
618 761
618 706
618 639
618 813
618 656
618 722
618 795
618 651
618 633
618 724
618 819
673 819
673 706
673 813
673 684
673 795
673 746
673 786
673 750
673 715
673 820
673 722
673 724
673 763
673 802
139 813
139 795
139 673
139 639
139 618
139 592
139 586
139 577
139 573
139 572
139 820
139 819
139 325
139 706
139 579
139 180
139 175
139 684
139 170
139 672
139 802
139 156
139 537
139 200
139 412
139 628
139 362
139 761
139 722
139 558
139 555
139 561
139 715
139 659
139 222
139 227
139 228
139 355
139 231
139 750
139 236
139 763
139 633
139 782
139 375
139 408
139 445
351 746
351 724
351 722
351 672
351 495
351 423
351 396
351 513
351 618
351 802
351 443
351 572
351 684
351 498
351 673
351 820
351 442
351 782
351 750
351 355
351 577
351 639
351 362
351 715
351 375
351 786
351 813
351 659
351 402
351 706
351 548
351 388
351 795
351 819
351 408
351 445
351 465
351 473
231 820
231 408
231 236
231 724
231 465
231 659
231 746
231 558
231 651
231 362
231 628
231 750
231 412
231 802
231 672
231 722
231 312
231 445
231 579
231 706
231 715
231 498
231 548
231 555
231 813
231 561
231 572
231 577
231 586
231 618
231 633
231 639
231 656
231 673
231 684
231 763
231 786
231 795
312 443
312 423
312 513
312 618
312 355
312 347
312 315
312 572
312 673
312 396
312 375
312 750
312 498
312 782
312 639
312 362
312 577
312 659
312 402
312 548
312 325
312 706
312 715
312 820
312 628
312 651
312 634
312 819
312 351
312 408
312 473
312 672
312 722
312 724
312 445
465 495
465 633
465 618
465 513
465 684
465 819
465 672
465 572
465 722
465 579
465 795
465 586
465 706
465 659
465 786
465 498
465 782
465 548
465 634
465 673
465 715
465 473
465 724
465 746
465 802
465 656
138 724
138 495
138 445
138 408
138 402
138 312
138 289
138 634
138 498
138 388
138 633
138 715
138 325
138 579
138 362
138 802
138 236
138 639
138 628
138 761
138 375
138 656
138 222
138 782
138 786
138 139
138 396
138 229
138 170
138 548
138 722
138 592
138 795
138 651
138 672
138 412
138 819
138 572
138 315
138 347
138 355
138 156
138 423
138 513
138 618
138 259
138 175
138 473
443 495
443 819
443 548
443 513
443 572
443 633
443 656
443 639
443 715
443 673
443 586
443 706
443 577
443 498
443 782
443 634
443 628
443 473
443 672
443 722
443 465
443 724
443 746
443 445
72 819
72 724
72 722
72 672
72 618
72 473
72 445
72 423
72 408
72 396
72 633
72 634
72 628
72 656
72 651
72 388
72 202
72 252
72 79
72 325
72 639
72 548
72 802
72 236
72 586
72 180
72 820
72 312
72 362
72 782
72 786
72 706
72 170
72 375
72 443
72 107
72 138
72 175
72 200
72 229
72 240
72 276
72 795
72 289
72 572
72 315
72 592
72 347
72 351
72 355
442 746
442 724
442 715
442 639
442 572
442 802
442 498
442 722
442 820
442 592
442 684
442 782
442 659
442 750
442 573
442 537
442 548
442 579
442 706
442 561
442 558
442 795
442 465
442 813
442 513
442 672
442 673
442 443
442 445
442 473
442 495
633 724
633 672
633 651
633 802
633 656
633 750
633 659
633 706
633 795
633 639
633 813
633 761
633 634
633 820
633 673
33 672
33 656
33 651
33 634
33 498
33 473
33 722
33 465
33 445
33 396
33 388
33 240
33 362
33 259
33 200
33 180
33 229
33 170
33 706
33 65
33 579
33 325
33 577
33 375
33 639
33 443
33 236
33 513
33 79
33 586
33 72
33 820
33 312
33 37
33 548
33 782
33 786
33 252
33 819
33 276
33 412
33 289
33 572
33 315
33 592
33 347
33 351
33 355
33 628
33 408
33 423
746 761
746 813
746 782
746 786
746 795
746 802
746 820
259 423
259 412
259 513
259 355
259 347
259 592
259 315
259 572
259 577
259 548
259 396
259 786
259 820
259 639
259 362
259 782
259 498
259 375
259 795
259 325
259 579
259 706
259 388
259 634
259 715
259 819
259 289
259 802
259 276
259 312
259 351
259 402
259 408
259 443
259 445
259 473
259 722
259 724
495 684
495 513
495 592
495 761
495 819
495 813
495 572
495 586
495 579
495 706
495 498
495 782
495 548
495 673
495 715
495 659
495 786
495 672
495 722
495 724
495 746
495 802
202 819
202 724
202 672
202 656
202 651
202 633
202 443
202 722
202 782
202 315
202 634
202 715
202 586
202 673
202 465
202 746
202 375
202 362
202 222
202 684
202 312
202 445
202 442
202 236
202 750
202 813
202 214
202 639
202 231
202 786
202 659
202 402
202 706
202 252
202 229
202 513
202 802
202 388
202 347
202 423
202 473
202 495
202 618
656 819
656 715
656 706
656 782
656 795
656 786
656 722
656 724
656 672
175 656
175 495
175 445
175 276
175 222
175 724
175 722
175 180
175 577
175 548
175 820
175 362
175 236
175 325
175 231
175 782
175 396
175 228
175 355
175 375
175 795
175 639
175 402
175 659
175 786
175 408
175 579
175 592
175 761
175 628
175 634
175 715
175 586
175 672
175 412
175 200
175 347
175 618
240 443
240 423
240 513
240 355
240 347
240 592
240 315
240 572
240 289
240 276
240 388
240 633
240 252
240 656
240 498
240 639
240 782
240 396
240 715
240 362
240 375
240 548
240 577
240 325
240 706
240 820
240 628
240 634
240 259
240 819
240 351
240 402
240 473
240 312
240 672
240 722
240 724
240 445
558 795
558 750
558 684
558 673
558 639
558 634
558 633
558 586
558 579
558 577
558 786
558 761
558 706
558 573
558 802
558 746
558 763
558 715
558 561
558 592
558 659
558 572
558 782
558 813
276 351
276 423
276 412
276 396
276 513
276 618
276 355
276 347
276 315
276 639
276 362
276 375
276 548
276 659
276 402
276 325
276 706
276 577
276 656
276 628
276 498
276 782
276 634
276 820
276 819
276 289
276 408
276 672
276 445
276 722
276 465
276 724
276 443
276 312
276 495
651 724
651 761
651 795
651 819
651 656
651 706
651 813
651 750
651 820
651 786
170 724
170 715
170 634
170 402
170 259
170 513
170 362
170 229
170 722
170 175
170 672
170 412
170 548
170 236
170 396
170 592
170 228
170 325
170 375
170 572
170 445
170 639
170 786
170 579
170 782
170 347
170 802
170 819
170 312
170 355
170 628
170 388
170 408
170 473
170 289
170 618
289 495
289 443
289 423
289 513
289 355
289 347
289 315
289 548
289 396
289 786
289 375
289 362
289 325
289 706
289 761
289 820
289 659
289 402
289 498
289 782
289 819
289 351
289 408
289 473
289 722
289 465
289 724
289 746
289 312
289 445
289 802
107 495
107 276
107 240
107 724
107 445
107 548
107 156
107 672
107 498
107 628
107 362
107 108
107 180
107 706
107 579
107 325
107 236
107 231
107 782
107 228
107 355
107 170
107 639
107 819
107 715
107 761
107 572
107 722
107 592
107 375
107 656
107 222
107 347
107 618
107 259
107 139
107 396
107 423
107 412
107 633
107 175
107 138
107 408
37 819
37 651
37 634
37 388
37 362
37 180
37 170
37 200
37 65
37 813
37 548
37 715
37 761
37 114
37 795
37 228
37 355
37 375
37 236
37 750
37 572
37 445
37 72
37 592
37 639
37 577
37 706
37 325
37 820
37 782
37 786
37 139
37 396
37 402
37 347
37 618
37 108
37 513
37 408
37 156
37 423
37 498
37 79
573 813
573 802
573 795
573 763
573 761
573 746
573 724
573 715
573 586
573 786
573 634
573 577
573 579
573 782
573 750
573 684
573 820
573 592
573 628
573 639
573 659
227 795
227 786
227 782
227 763
227 684
227 673
227 639
227 586
227 579
227 577
227 573
227 572
227 231
227 228
227 715
227 362
227 325
227 592
227 746
227 628
227 537
227 802
227 659
227 722
227 724
227 412
227 442
227 750
227 236
227 761
227 558
227 555
227 813
227 561
227 820
561 795
561 684
561 673
561 639
561 634
561 592
561 586
561 579
561 577
561 573
561 572
561 820
561 813
561 706
561 802
561 750
561 715
561 628
561 722
561 659
561 763
252 819
252 351
252 347
252 315
252 289
252 820
252 276
252 513
252 312
252 586
252 362
252 355
252 375
252 325
252 706
252 802
252 782
252 498
252 795
252 639
252 388
252 396
252 423
252 442
252 443
252 473
252 672
252 673
252 722
252 724
252 746
763 819
763 813
763 795
763 786
763 802
763 820
537 795
537 761
537 684
537 673
537 659
537 639
537 628
537 586
537 579
537 577
537 573
537 572
537 820
537 813
537 802
537 750
537 592
537 558
537 555
537 561
537 715
537 763
537 548
214 495
214 312
214 443
214 819
214 362
214 229
214 548
214 388
214 222
214 659
214 786
214 445
214 586
214 315
214 572
214 639
214 236
214 231
214 782
214 228
214 473
214 706
214 465
214 722
214 673
214 656
214 396
214 715
214 347
214 618
214 423
214 684
214 513
214 408
214 724
214 672
555 813
555 795
555 763
555 750
555 715
555 573
555 628
555 579
555 802
555 558
555 586
555 561
555 820
555 572
555 577
555 659
555 673
555 684
13 820
13 813
13 795
13 782
13 763
13 231
13 228
13 227
13 222
13 79
13 586
13 555
13 573
13 750
13 786
13 558
13 44
13 802
13 362
13 108
13 579
13 139
13 715
13 577
13 180
13 375
13 388
13 156
13 572
13 114
13 628
13 639
13 659
13 673
13 684
44 795
44 786
44 782
44 537
44 362
44 548
44 813
44 577
44 236
44 555
44 228
44 227
44 375
44 139
44 231
44 579
44 79
44 572
44 659
44 156
44 558
44 820
44 761
44 561
44 706
44 750
44 573
44 592
44 639
44 802
44 684
44 114
44 586
44 763
Overall running time: 17.7163s.
diameter : 3
max_attr : 11
min_attr : 7
attribute delta : 4
