k : 6
Overall running time: 0.080227s.
diameter : 2
max_attr : 7
min_attr : 7
attribute delta : 0
final attribute distribution : 
7 7 


ans.V.size: 14
2987 1
9324 1
11881 0
15728 1
17264 0
17658 1
19170 1
20668 1
21639 0
23891 0
24105 0
24281 1
26555 0
829 0

2987 24281
2987 9324
2987 24105
2987 17658
2987 21639
2987 20668
9324 24281
9324 21639
9324 17658
9324 24105
11881 23891
11881 26555
11881 19170
11881 15728
15728 23891
15728 26555
15728 17264
15728 19170
15728 24105
17264 26555
17264 19170
17264 24105
17658 24281
17658 24105
17658 20668
19170 23891
19170 26555
19170 24105
20668 24281
20668 21639
20668 24105
21639 24281
21639 24105
23891 26555
24105 26555
829 9324
829 24105
829 26555
829 17264
829 2987
829 24281
829 23891
829 21639
829 11881
829 19170
829 20668
829 15728
829 17658
