k : 4
Overall running time: 11.0008s.
diameter : 4
max_attr : 17
min_attr : 14
attribute delta : 3
final attribute distribution : 
14 17 


ans.V.size: 145
23301 0
23680 1
19097 1
14094 1
20009 0
823 0
370 1
426 1
13726 0
12206 1
19549 1
9615 0
920 0
9261 1
24324 0
21270 0
15563 1
7506 0
8431 1
7076 0
10655 0
10297 0
6496 0
25302 0
7821 1
19034 0
24796 1
2397 1
17221 1
2783 0
11552 0
34 1
18019 1
8144 0
7228 0
1872 0
11998 0
5690 1
25255 0
18347 1
12599 1
4690 1
21342 1
27108 0
7601 1
19495 0
19029 1
2612 1
3270 1
14036 1
194 0
23278 0
4647 0
610 1
7794 1
8318 0
8825 1
14713 0
27570 1
11926 0
25434 0
4582 1
11698 0
19817 0
9195 0
14051 0
6178 0
16956 0
4953 1
2088 0
20145 0
10748 1
22472 0
16332 1
10877 0
1960 1
17057 1
6849 0
24137 0
14024 0
16038 0
15202 0
5816 1
15478 1
7596 1
24887 0
4549 0
7479 0
12357 1
26341 1
17903 1
12557 0
4102 1
11081 0
12496 0
14972 0
26313 1
6669 0
8097 0
5486 0
21439 0
17964 0
19005 0
1605 0
17848 1
25736 0
1949 0
6634 0
7988 0
18370 0
19854 0
496 0
8847 0
9564 1
9368 0
18745 0
15677 1
6673 0
24123 1
19087 0
18534 0
6815 1
19737 1
23933 1
19713 0
18680 0
26414 1
5328 0
14011 0
4324 1
14073 0
1610 0
12258 0
16958 0
17788 0
23255 0
27153 0
27822 0
3904 1
7748 1
7951 1
10513 1
22041 1
25307 1
176 0

23301 27822
23301 23933
23301 26414
23680 24123
23680 27822
23680 23933
19097 22041
19097 27822
19097 23933
14094 27822
14094 23933
14094 18680
20009 23255
823 17788
823 25302
823 9261
370 18680
370 27822
370 496
426 19549
426 20009
426 23255
13726 22041
13726 21439
12206 18370
12206 19005
19549 20009
19549 23255
9615 17788
9615 14011
920 1610
920 14011
920 19817
9261 11926
9261 17788
9261 25302
21270 26414
15563 27822
15563 23933
15563 19854
15563 18680
7506 7951
7506 25736
7506 21270
8431 20145
8431 11081
8431 9195
7076 10513
7076 23255
7076 19737
7076 23680
10655 27153
10655 14011
10655 14024
10655 17903
10297 25307
10297 25736
10297 14972
10297 11081
6496 25307
6496 19029
6496 14011
6496 10748
7821 17788
24796 27822
2397 19713
2397 15478
2397 5486
2397 26414
2397 27153
17221 17788
17221 27570
17221 23933
17221 24123
2783 10513
2783 18019
2783 4690
2783 19737
2783 6178
11552 27822
11552 14011
11552 26414
11552 17848
34 27822
34 5328
34 8097
34 18680
34 19713
34 5486
18019 23255
18019 19737
18019 19495
8144 9368
8144 14972
8144 25736
8144 16332
8144 17057
7228 27822
7228 21439
7228 12599
7228 14011
7228 9564
1872 7951
1872 2088
1872 20145
1872 7479
1872 18370
1872 19005
11998 27822
11998 14036
11998 19495
5690 22041
5690 9564
5690 18534
25255 25307
18347 25736
12599 23255
12599 27822
12599 19087
4690 23255
4690 27822
4690 6178
4690 19737
4690 18680
21342 27153
21342 23933
21342 24123
27108 27822
7601 17788
7601 26414
7601 17964
7601 15677
7601 7821
19495 23255
19495 27822
19495 23680
19029 25307
2612 23255
2612 27822
2612 4102
2612 8847
2612 14024
2612 24137
2612 16038
2612 4549
3270 25307
3270 25736
3270 16958
3270 7988
3270 7951
3270 7748
3270 3904
3270 18347
14036 23255
14036 27822
14036 19495
14036 22472
194 1610
194 27822
194 21439
194 496
194 12258
194 17848
194 23933
194 1605
4647 17964
4647 25736
4647 19034
4647 23933
4647 7988
4647 25434
4647 9368
4647 7951
610 7951
610 20145
610 17788
610 9195
610 19005
610 23933
610 10877
610 12357
610 17964
7794 27822
7794 17788
7794 26414
7794 14051
7794 8847
7794 9564
7794 11998
7794 19713
8318 26414
8825 25307
8825 14972
14713 19005
14713 24324
11926 17788
11926 25302
25434 27153
4582 14011
4582 9368
4582 25736
4582 10877
4582 25307
4582 22041
4582 25434
4582 7988
4582 4647
11698 18370
11698 19005
9195 12357
9195 11081
9195 10877
9195 20145
14051 19854
14051 23933
14051 26414
14051 23255
14051 18680
6178 18019
6178 10513
6178 15677
6178 19737
6178 7821
6178 19495
6178 23680
16956 17964
16956 18370
16956 23933
16956 20145
16956 25307
16956 25434
4953 25307
4953 21342
4953 7951
4953 12357
4953 19087
4953 19713
4953 18680
4953 17848
4953 19005
4953 21439
4953 23933
2088 9195
2088 10877
2088 11081
2088 12357
2088 19005
2088 18370
2088 10748
2088 9368
2088 7951
2088 20145
10748 25307
10748 16958
10748 17788
10748 14011
10748 17057
10748 18370
10748 12357
22472 24123
22472 27108
22472 27822
16332 25307
16332 25255
16332 17057
10877 18370
10877 14972
10877 11081
10877 12357
10877 17964
10877 16956
1960 12357
1960 11081
1960 19005
1960 9195
1960 16956
1960 10748
1960 2088
1960 20145
1960 9368
1960 7951
1960 5486
1960 18370
1960 24324
17057 18370
17057 18347
17057 25736
17057 25307
17057 25255
6849 24887
6849 23933
6849 21439
6849 14011
6849 24123
6849 9368
6849 22041
6849 7988
6849 17848
6849 13726
6849 26341
6849 19854
14024 19713
14024 15478
14024 22472
14024 17903
14024 26313
14024 14036
14024 16038
16038 23255
15202 26414
15202 24123
15202 17788
15202 26313
15202 24887
15202 19087
15202 27570
15202 18534
5816 9564
5816 22041
5816 27822
5816 21439
5816 26414
5816 7596
5816 6673
5816 18534
5816 6849
5816 12496
15478 22041
15478 26313
15478 27822
15478 18680
15478 23933
15478 26414
15478 19713
7596 18534
7596 19087
7596 14051
7596 22041
7596 12258
7596 18680
7596 23933
7596 26414
7596 17221
24887 27570
24887 26313
24887 26414
4549 14036
4549 16038
4549 14051
4549 23255
4549 15478
4549 5328
4549 27822
4549 12258
4549 23933
4549 7596
4549 6634
4549 5816
4549 8847
7479 11698
7479 8825
7479 14972
7479 19005
7479 25307
7479 18347
7479 20145
7479 7951
7479 17057
7479 25736
7479 18370
7479 11081
7479 12357
12357 19034
12357 19005
12357 20145
12357 18745
12357 17964
26341 27153
26341 26414
17903 24887
17903 27570
17903 24123
17903 18534
17903 27153
17903 23933
12557 18680
12557 27108
12557 19713
12557 19854
12557 19087
12557 18534
12557 17964
12557 17903
12557 22041
12557 17788
12557 23933
12557 15202
12557 22472
12557 27570
4102 6178
4102 19713
4102 22472
4102 23255
4102 7228
4102 23680
4102 4690
4102 5328
4102 14051
4102 10513
4102 24137
4102 17788
4102 7821
11081 16956
11081 19034
11081 17964
11081 25307
11081 14972
11081 23933
12496 24123
12496 26414
12496 26313
12496 17903
12496 19713
12496 27822
12496 21439
12496 14011
12496 23680
12496 18534
12496 17848
12496 19854
14972 25255
14972 19005
14972 25307
14972 18347
14972 25736
14972 18370
14972 17057
14972 16332
26313 27822
26313 27108
6669 18534
6669 26313
6669 17903
6669 19854
6669 14024
6669 27570
6669 14011
6669 12496
6669 27822
6669 23933
6669 26414
6669 8097
6669 19087
6669 24887
6669 19713
6669 17848
8097 19495
8097 24887
8097 24123
8097 26313
8097 11998
8097 17848
8097 14024
8097 27570
8097 14011
8097 14036
8097 16038
8097 19713
8097 15202
8097 23255
8097 27822
8097 23933
5486 18534
5486 7601
5486 5816
5486 15202
5486 17964
5486 12496
5486 9368
5486 27822
5486 14011
5486 23278
5486 16956
5486 19713
5486 6634
5486 26414
5486 24123
5486 17221
21439 23933
21439 26341
21439 23278
21439 25307
21439 22041
21439 24887
17964 19034
17964 25434
17964 23933
17964 23680
17964 18370
19005 24324
19005 20145
19005 25307
1605 19854
1605 18534
1605 24123
1605 26414
1605 15478
1605 5328
1605 7228
1605 23933
1605 12496
1605 22472
1605 27108
1605 19713
1605 5816
1605 18680
1605 4549
1605 27822
1605 12599
1605 4102
17848 19713
17848 19087
17848 19854
17848 18534
17848 24123
17848 22041
17848 18680
17848 21439
25736 27153
1949 27822
1949 4102
1949 5328
1949 9564
1949 15478
1949 24123
1949 22472
1949 26313
1949 27570
6634 9564
6634 19087
6634 19713
6634 15202
6634 26414
6634 24123
6634 17848
6634 14051
6634 8847
6634 17903
6634 26313
6634 18534
6634 6669
6634 22041
6634 27822
6634 17788
6634 7596
6634 18680
6634 14011
7988 23933
7988 21439
7988 14972
7988 11081
7988 12357
7988 10748
7988 16958
7988 12258
7988 9564
7988 18680
7988 10877
7988 9195
7988 8847
7988 8318
7988 26414
7988 22041
7988 9368
18370 25434
18370 19005
18370 25736
18370 25307
18370 20145
19854 26414
19854 24123
19854 23933
19854 27822
19854 26313
19854 22041
19854 27570
496 7596
496 19854
496 19087
496 27822
496 18680
496 14011
496 1605
496 17903
496 11552
496 18534
496 7601
496 5328
496 8847
496 15202
496 6178
496 15677
496 7821
496 23278
496 4102
496 12599
496 23933
8847 26414
8847 24123
8847 23933
8847 14011
8847 18680
8847 14024
8847 12496
8847 19087
8847 24887
8847 16038
8847 22041
8847 17848
8847 27570
8847 12258
8847 27822
8847 18534
9564 19713
9564 12557
9564 26414
9564 24123
9564 12496
9564 18534
9564 19087
9564 24887
9564 27570
9564 23278
9564 22041
9564 27822
9564 23933
9564 21439
9564 14011
9564 18680
9368 17964
9368 25736
9368 17788
9368 25434
9368 25255
9368 10877
9368 25307
9368 27153
9368 14972
9368 23933
9368 19005
9368 14011
9368 10748
9368 11081
9368 16332
18745 19005
15677 23680
15677 18019
15677 17788
15677 19737
15677 17964
6673 22041
6673 18534
24123 27822
24123 27570
24123 26341
24123 26414
19087 24887
19087 22472
19087 19854
19087 27822
19087 27153
19087 23278
19087 27570
19087 22041
19087 24796
19087 23680
19087 19713
19087 21342
19087 26414
19087 23933
19087 21439
18534 23255
18534 26414
18534 27822
18534 23278
18534 18680
18534 23933
18534 19713
18534 22041
18534 27570
18534 19854
18534 19087
6815 7951
6815 19005
6815 11698
19737 23680
19737 23255
23933 25736
23933 25307
23933 27153
23933 26313
23933 26414
23933 24123
23933 27570
23933 27822
23933 25434
19713 27108
19713 26414
19713 24123
19713 22472
19713 24887
19713 26313
19713 24796
19713 23933
19713 23278
19713 27153
19713 27822
19713 27570
18680 23255
18680 26313
18680 19854
18680 19087
18680 19713
18680 21342
18680 24796
18680 27570
18680 23278
18680 19495
18680 27153
18680 23933
18680 27822
18680 26414
18680 24123
26414 27153
26414 27822
5328 18680
5328 7228
5328 17848
5328 19854
5328 27108
5328 14051
5328 23255
5328 6669
5328 8847
5328 17788
5328 27822
5328 7596
5328 21342
5328 23933
5328 12599
5328 11998
5328 15478
5328 19713
5328 24796
5328 11552
5328 26313
5328 17903
5328 27570
5328 12258
5328 18534
5328 26414
5328 24123
5328 17221
5328 22472
5328 22041
5328 5816
5328 7794
5328 9564
14011 21439
14011 26414
14011 14024
14011 19817
14011 17221
14011 24887
14011 19029
14011 18370
14011 17964
14011 25736
14011 24123
14011 18680
14011 19713
14011 25307
14011 18534
14011 26341
14011 27153
14011 17788
14011 27570
14011 17903
14011 17848
14011 19854
4324 17788
4324 14011
4324 26414
4324 8097
4324 18534
4324 19854
4324 24123
4324 6669
4324 19713
4324 17903
14073 17788
14073 23933
1610 15202
1610 19817
1610 27822
1610 17788
1610 18370
1610 25736
1610 21270
1610 10877
1610 7596
1610 26414
1610 7506
1610 25255
1610 25434
1610 22041
1610 9368
1610 9615
1610 14011
1610 16958
1610 3270
1610 4582
1610 12557
1610 12258
12258 19713
12258 23933
12258 21439
12258 14073
12258 27570
12258 27153
12258 26341
12258 17848
12258 22041
12258 17788
12258 19087
12258 19854
12258 14024
12258 18534
12258 18680
12258 15478
12258 26414
12258 24123
16958 25255
16958 25307
16958 18347
16958 25736
16958 18370
16958 17057
17788 26414
17788 23933
17788 18370
17788 23680
17788 25302
17788 24887
17788 23255
17788 17964
23255 26313
23255 27822
23255 23680
23255 24137
27153 27570
3904 16958
3904 7748
3904 11081
3904 7479
3904 18347
3904 17057
3904 14972
3904 25736
7748 25307
7748 27153
7748 25736
7748 16958
7748 8144
7748 11081
7748 9368
7748 23933
7748 17057
7951 20145
7951 12357
7951 17788
7951 11698
7951 24324
7951 18745
7951 23933
7951 26414
7951 16956
7951 7988
7951 18370
7951 17964
7951 21270
7951 25736
7951 8431
7951 12206
7951 14972
7951 16958
7951 8318
7951 9195
7951 19005
7951 19034
7951 14713
7951 11081
10513 23680
10513 19737
10513 17788
10513 23255
10513 15677
22041 27822
22041 24123
22041 26414
22041 26341
22041 27153
22041 26313
22041 23278
22041 23933
25307 25434
25307 25736
176 25307
176 10513
176 27153
176 16958
176 22041
176 1610
176 23255
176 7951
176 7748
176 27822
176 12258
176 17788
176 3904
