k : 5
Overall running time: 1.27508s.
diameter : 4
max_attr : 9
min_attr : 8
attribute delta : 1
final attribute distribution : 
8 9 


ans.V.size: 73
23278 0
2088 0
866 0
684 1
7012 1
11445 0
10613 0
6351 0
16956 0
24611 0
3886 0
24281 1
1960 1
5588 0
10394 0
7988 0
9368 0
25307 1
194 0
7596 1
17903 1
2987 1
14972 0
25141 0
12599 1
17964 0
21639 0
9195 0
7951 1
10877 0
1605 0
4581 0
12400 1
8847 0
5263 0
6634 0
19854 0
9564 1
8319 0
24105 0
6658 1
19087 0
23561 0
23346 0
7748 1
27822 0
5328 0
18680 0
18534 0
2471 0
4720 0
20877 1
23933 1
14011 0
27450 0
496 0
642 1
2273 0
3754 0
5985 0
6349 1
7167 0
11081 0
14081 0
14130 0
21988 1
23299 0
23709 1
24423 0
24445 0
26504 1
27789 1
370 1

2088 11081
2088 9195
2088 7951
866 11081
866 9195
866 6351
866 27450
866 10877
684 5985
684 10613
684 24611
684 12400
684 23346
7012 24281
7012 21639
7012 24105
11445 24281
11445 12400
11445 21639
10613 23561
10613 12400
10613 24611
6351 11081
6351 10877
6351 9195
6351 27450
16956 17964
16956 23933
3886 11081
3886 14130
3886 24423
3886 14081
3886 6658
1960 11081
1960 2088
1960 7951
1960 9195
5588 11081
5588 5985
5588 6349
5588 23299
5588 14130
5588 8319
5588 24423
5588 26504
5588 6658
10394 26504
10394 25141
10394 20877
7988 23933
7988 11081
7988 14972
7988 10877
7988 9195
7988 9368
9368 11081
9368 23933
9368 25307
9368 10877
9368 14972
194 496
194 27822
194 23933
194 1605
7596 18534
7596 19087
7596 18680
7596 23933
17903 18534
17903 23933
2987 21639
2987 12400
2987 24281
2987 11445
2987 5985
2987 7012
2987 24105
25141 26504
12599 27822
17964 23933
21639 24281
21639 24105
9195 11081
9195 10877
7951 17964
7951 7988
7951 23933
7951 11081
7951 16956
7951 9195
10877 11081
10877 14972
10877 27450
1605 5328
1605 19854
1605 18680
1605 23933
1605 18534
1605 12599
1605 27822
4581 14130
4581 25141
4581 5985
4581 24423
4581 23709
4581 26504
4581 5588
4581 5263
4581 10394
12400 24611
12400 24281
12400 23561
12400 23346
8847 14011
8847 18680
8847 18534
8847 19087
8847 23933
8847 27822
5263 23299
5263 5985
5263 23709
5263 26504
5263 8319
5263 10394
6634 18534
6634 9564
6634 19087
6634 18680
6634 14011
6634 26504
6634 7596
6634 8847
6634 27822
19854 23933
19854 26504
19854 27822
9564 18680
9564 23933
9564 14011
9564 26504
9564 23278
9564 19087
9564 18534
9564 27822
8319 21988
8319 24445
8319 23709
8319 26504
6658 11081
6658 24445
6658 14130
6658 8319
6658 24423
6658 7167
6658 23709
6658 14081
19087 26504
19087 19854
19087 27822
19087 23933
19087 23278
23561 24611
23346 24611
7748 11081
7748 25307
7748 9368
7748 23933
5328 18680
5328 19854
5328 7596
5328 26504
5328 23933
5328 8847
5328 27822
5328 17903
5328 12599
5328 9564
5328 18534
18680 27822
18680 23933
18680 26504
18680 19854
18680 19087
18680 23278
18534 19087
18534 19854
18534 18680
18534 23278
18534 27822
18534 23933
2471 5985
2471 6658
2471 5588
2471 5263
2471 11081
2471 21988
2471 26504
2471 6349
2471 23299
2471 14130
2471 27789
2471 7167
2471 3754
2471 23709
4720 5985
4720 26504
4720 20877
4720 10394
20877 26504
23933 26504
23933 27822
23933 25307
14011 19854
14011 18680
14011 18534
496 23278
496 8847
496 5328
496 5263
496 18680
496 14011
496 8319
496 18534
496 12599
496 23933
496 17903
496 1605
496 23299
496 19087
496 19854
496 27822
496 5985
496 26504
496 7596
642 11081
642 14130
642 3886
642 6658
642 24423
642 2471
2273 11081
2273 27789
2273 24423
2273 23709
2273 14081
2273 2471
3754 27789
3754 7167
3754 23709
5985 21988
5985 24105
5985 8319
5985 10613
5985 11445
5985 24611
5985 23346
5985 23299
5985 12400
5985 10394
5985 26504
5985 25141
5985 6349
5985 24445
5985 24423
5985 21639
5985 23561
5985 7012
5985 23709
5985 20877
5985 24281
6349 14130
6349 8319
6349 21988
7167 27789
7167 24423
7167 23709
11081 16956
11081 27789
11081 25307
11081 24423
11081 14972
11081 23933
11081 27450
11081 14081
11081 23299
11081 17964
14081 14130
14081 23709
14130 21988
14130 26504
14130 24423
21988 26504
23709 24445
23709 24423
24423 24445
370 2273
370 5985
370 3754
370 14081
370 23709
370 496
370 11081
370 21988
370 26504
370 6349
370 24445
370 7167
370 642
370 23299
370 14130
370 27789
370 24423
