k : 6
Overall running time: 0.456042s.
diameter : 2
max_attr : 6
min_attr : 6
attribute delta : 0
final attribute distribution : 
6 6 


ans.V.size: 13
4238 0
8479 0
11697 0
11954 0
12552 0
14711 0
20047 0
582 1
13565 1
14229 1
17939 1
26185 1
221 1

4238 11697
4238 14229
4238 17939
8479 13565
8479 14229
8479 12552
8479 14711
8479 26185
11697 17939
11697 20047
11697 14229
11697 11954
11954 14229
11954 17939
12552 13565
12552 14229
12552 14711
12552 26185
14711 26185
582 17939
582 11697
582 11954
582 14229
582 4238
582 20047
13565 26185
13565 14229
13565 14711
14229 14711
14229 20047
14229 17939
17939 20047
221 13565
221 11697
221 582
221 14229
221 12552
221 11954
221 14711
221 17939
221 26185
221 8479
221 4238
221 20047
