k : 5
Overall running time: 1.62338s.
diameter : 3
max_attr : 8
min_attr : 6
attribute delta : 2
final attribute distribution : 
8 6 


ans.V.size: 16
10091 0
18670 1
17264 0
11810 1
24029 0
6240 0
23984 0
2636 1
20368 1
4329 0
7886 0
12024 1
15544 1
19549 1
20009 0
426 1

10091 19549
10091 24029
10091 23984
18670 19549
18670 20368
17264 24029
17264 19549
17264 23984
11810 20009
11810 15544
11810 19549
11810 20368
6240 23984
6240 10091
6240 17264
6240 24029
6240 19549
23984 24029
2636 7886
2636 23984
2636 24029
2636 20368
2636 19549
2636 6240
2636 4329
2636 17264
4329 19549
4329 20368
4329 12024
4329 7886
4329 20009
4329 18670
4329 15544
4329 11810
7886 19549
7886 20368
7886 12024
7886 15544
7886 18670
7886 11810
12024 20368
12024 20009
15544 20368
15544 19549
15544 18670
19549 24029
19549 23984
19549 20368
19549 20009
20009 20368
426 12024
426 7886
426 20009
426 15544
426 19549
426 4329
