k : 6
Overall running time: 0.389632s.
diameter : 5
max_attr : 19
min_attr : 13
attribute delta : 6
final attribute distribution : 
13 19 


ans.V.size: 40
3962 0
13209 0
402 0
19062 0
17780 1
3945 1
10310 0
22113 0
19172 0
1413 0
15601 1
5184 1
11282 1
9496 0
17804 0
23067 1
17311 1
12738 1
3338 0
21850 0
27130 0
18420 0
474 0
18737 1
16680 0
21767 0
582 1
4238 0
8479 0
8811 0
11697 0
11954 0
12552 0
14711 0
20047 0
13565 1
14229 1
17939 1
26185 1
221 1

3962 18737
3962 21767
3962 17780
3962 9496
3962 10310
3962 13209
3962 22113
13209 18737
13209 21767
13209 22113
13209 17780
402 18737
402 21767
402 3962
402 22113
402 10310
402 13209
402 17780
402 3945
402 9496
19062 27130
19062 19172
17780 18737
17780 21767
17780 22113
3945 18737
3945 21767
3945 22113
3945 17780
3945 13209
10310 18737
10310 21767
10310 17780
19172 27130
1413 19062
1413 19172
1413 5184
1413 11282
1413 27130
1413 15601
15601 27130
15601 19062
15601 19172
5184 27130
5184 11282
5184 19062
5184 19172
11282 27130
11282 19172
11282 15601
11282 19062
9496 18737
9496 17780
9496 10310
17804 17939
17804 27130
17804 20047
17311 23067
17311 18420
12738 13565
12738 23067
12738 17311
12738 18420
3338 13565
3338 14711
3338 12552
3338 8479
3338 18420
18420 23067
474 11697
474 582
474 21850
474 14229
474 11954
474 16680
474 18737
474 21767
18737 22113
18737 21767
18737 21850
16680 21850
16680 17804
16680 17939
16680 27130
16680 20047
16680 18737
16680 21767
21767 21850
582 18737
582 20047
582 16680
582 4238
582 21850
582 14229
582 17804
582 11954
582 11697
582 27130
582 17939
582 21767
4238 11697
4238 14229
4238 17939
8479 13565
8479 14229
8479 12552
8479 14711
8479 26185
8479 18420
8811 11697
8811 17939
8811 27130
8811 11954
8811 20047
11697 11954
11697 14229
11697 21850
11697 16680
11697 20047
11697 18737
11697 27130
11697 21767
11697 17939
11954 21850
11954 14229
11954 17939
11954 27130
11954 18737
11954 21767
12552 13565
12552 14229
12552 14711
12552 17311
12552 26185
12552 23067
12552 18420
12552 12738
14711 26185
14711 18420
20047 27130
13565 26185
13565 14229
13565 23067
13565 17311
13565 14711
13565 18420
14229 14711
14229 20047
14229 17804
14229 17939
14229 27130
14229 16680
17939 20047
17939 27130
221 13565
221 11697
221 8811
221 582
221 14229
221 12552
221 11954
221 14711
221 17939
221 26185
221 8479
221 4238
221 20047
