k : 5
Overall running time: 1.78669s.
diameter : 4
max_attr : 10
min_attr : 6
attribute delta : 4
final attribute distribution : 
6 10 


ans.V.size: 85
11710 0
27450 0
23680 1
194 0
10975 0
4953 1
866 0
2636 1
1872 0
9554 1
17221 1
19349 0
7748 1
26313 1
6240 0
6351 0
17264 0
6849 0
26504 1
4647 0
25434 0
4582 1
14051 0
21439 0
5596 1
16956 0
14972 0
8097 0
10748 1
15478 1
23255 0
7479 0
21342 1
4102 1
27662 0
1960 1
15202 0
17903 1
12557 0
7596 1
1605 0
12957 1
25736 0
2088 0
27153 0
24887 0
1610 0
25307 1
496 0
4549 0
6669 0
10513 1
11081 0
8847 0
7988 0
18370 0
9564 1
27570 1
12258 0
6634 0
9368 0
15563 1
21408 0
22041 1
19854 0
24123 1
18534 0
19713 0
27822 0
19087 0
26414 1
14011 0
5328 0
18680 0
11698 0
9195 0
10877 0
17788 0
17964 0
19005 0
20145 0
7951 1
12357 1
23933 1
610 1

11710 23933
11710 19087
11710 18680
194 23933
194 1605
194 496
194 27822
10975 17964
10975 17264
10975 19349
4953 23933
4953 19087
4953 19713
4953 18680
4953 21342
866 10877
866 9195
866 11081
866 6351
866 27450
2636 12957
2636 9554
2636 17964
2636 6240
2636 17264
1872 7951
1872 20145
1872 2088
1872 19005
1872 18370
1872 7479
9554 17964
9554 17264
9554 12957
9554 19349
17221 23933
17221 17788
17221 27570
17221 24123
19349 21408
7748 23933
7748 11081
7748 25736
7748 25307
7748 27153
7748 9368
26313 27822
6240 10975
6240 9554
6240 17964
6240 17264
6240 19349
6240 21408
6351 10877
6351 9195
6351 11081
6351 27450
17264 17964
17264 19349
17264 21408
6849 23933
6849 7988
6849 22041
6849 24123
6849 9368
6849 14011
6849 21439
6849 19854
4647 7951
4647 9368
4647 23933
4647 17964
4647 7988
4647 25434
4647 25736
4582 10877
4582 25736
4582 25307
4582 4647
4582 7988
4582 25434
4582 9368
4582 14011
14051 23933
14051 26414
14051 23255
14051 18680
14051 19854
21439 24887
21439 22041
21439 23933
5596 23933
5596 9564
5596 19713
16956 20145
16956 23933
16956 17964
16956 25307
16956 18370
16956 25434
14972 18370
14972 19005
14972 25736
14972 25307
8097 26313
8097 27570
8097 14011
8097 15202
8097 24887
8097 19713
8097 24123
8097 23933
8097 27822
10748 17788
10748 14011
10748 18370
10748 25307
15478 23933
15478 26414
15478 22041
15478 18680
15478 19713
15478 26313
15478 27822
23255 26313
23255 27822
23255 23680
7479 11698
7479 18370
7479 25736
7479 14972
7479 25307
7479 7951
7479 20145
7479 11081
7479 12357
7479 19005
21342 23933
21342 27153
21342 24123
4102 17788
4102 23255
4102 10513
4102 23680
1960 7951
1960 20145
1960 2088
1960 9368
1960 12357
1960 9195
1960 16956
1960 19005
1960 10748
1960 18370
1960 27662
1960 11081
15202 19087
15202 24887
15202 26313
15202 27570
15202 24123
15202 18534
15202 26414
15202 17788
17903 27153
17903 18534
17903 27570
17903 23933
17903 24887
17903 24123
12557 23933
12557 17788
12557 18534
12557 15202
12557 19713
12557 27570
12557 22041
12557 19087
12557 19854
12557 18680
12557 17903
7596 19087
7596 18534
7596 22041
7596 14051
7596 26414
7596 23933
7596 18680
7596 12258
1605 19713
1605 24123
1605 15478
1605 26414
1605 5328
1605 18534
1605 23933
1605 27822
1605 4549
1605 18680
1605 19854
12957 17264
12957 17964
25736 27153
2088 7951
2088 20145
2088 9368
2088 12357
2088 10877
2088 9195
2088 19005
2088 10748
2088 11081
2088 27662
2088 18370
27153 27570
24887 26414
24887 26313
24887 27570
1610 15202
1610 10877
1610 17788
1610 7596
1610 26414
1610 25736
1610 18370
1610 12258
1610 12557
1610 4582
1610 22041
1610 25434
1610 9368
1610 14011
25307 25736
25307 25434
496 27822
496 18534
496 17903
496 1605
496 23933
496 14011
496 18680
496 5328
496 8847
496 19087
496 19854
496 26504
496 7596
4549 23933
4549 6634
4549 7596
4549 14051
4549 23255
4549 5328
4549 12258
4549 27822
4549 15478
4549 8847
6669 14011
6669 27822
6669 26313
6669 17903
6669 19854
6669 27570
6669 26414
6669 8097
6669 23933
6669 18534
6669 19713
6669 19087
6669 24887
10513 17788
10513 23680
10513 23255
11081 16956
11081 25307
11081 27450
11081 14972
11081 23933
11081 17964
8847 27570
8847 12258
8847 14011
8847 18680
8847 11710
8847 27822
8847 18534
8847 19087
8847 24887
8847 23933
8847 24123
8847 26414
8847 22041
7988 18680
7988 11081
7988 12357
7988 12258
7988 9564
7988 14972
7988 21439
7988 23933
7988 10877
7988 8847
7988 9195
7988 22041
7988 9368
7988 26414
18370 19005
18370 25434
18370 25736
18370 25307
18370 20145
9564 27570
9564 19713
9564 18680
9564 14011
9564 22041
9564 12557
9564 26504
9564 27822
9564 18534
9564 19087
9564 24887
9564 21439
9564 23933
9564 24123
9564 26414
12258 15478
12258 27153
12258 19713
12258 18680
12258 19087
12258 19854
12258 27570
12258 22041
12258 18534
12258 21439
12258 23933
12258 17788
12258 24123
12258 26414
6634 19713
6634 19087
6634 17903
6634 26313
6634 18534
6634 9564
6634 8847
6634 15202
6634 22041
6634 27822
6634 17788
6634 7596
6634 26504
6634 24123
6634 26414
6634 14051
6634 14011
6634 18680
6634 6669
9368 11081
9368 25736
9368 17964
9368 25434
9368 27153
9368 25307
9368 10877
9368 14011
9368 10748
9368 14972
9368 23933
9368 17788
9368 19005
15563 23933
15563 27822
15563 19854
15563 18680
22041 27153
22041 27822
22041 26313
22041 23933
22041 26414
22041 24123
19854 27570
19854 27822
19854 26504
19854 22041
19854 23933
19854 24123
19854 26414
19854 26313
24123 27822
24123 27570
24123 26414
18534 27822
18534 22041
18534 19087
18534 19854
18534 18680
18534 23255
18534 19713
18534 27570
18534 26414
18534 23933
19713 27153
19713 23933
19713 27822
19713 26414
19713 24123
19713 24887
19713 27570
19713 26313
19087 27153
19087 27822
19087 24887
19087 22041
19087 19854
19087 19713
19087 23933
19087 21439
19087 27570
19087 26504
19087 21342
19087 26414
26414 27153
26414 27822
14011 27570
14011 25307
14011 27153
14011 21439
14011 17903
14011 19713
14011 18680
14011 17788
14011 24887
14011 19854
14011 18534
14011 25736
14011 18370
14011 17964
14011 24123
14011 17221
14011 26414
5328 18680
5328 19854
5328 14051
5328 23255
5328 21342
5328 7596
5328 26504
5328 23933
5328 5596
5328 6669
5328 27822
5328 17788
5328 9564
5328 12258
5328 27570
5328 15478
5328 19713
5328 8847
5328 22041
5328 26313
5328 17903
5328 18534
5328 17221
5328 24123
5328 26414
18680 26313
18680 21342
18680 27153
18680 26504
18680 27570
18680 27822
18680 24123
18680 26414
18680 19713
18680 19854
18680 19087
18680 23933
18680 23255
11698 19005
11698 18370
9195 20145
9195 12357
9195 10877
9195 11081
10877 18370
10877 17964
10877 27450
10877 14972
10877 12357
10877 11081
10877 16956
17788 17964
17788 18370
17788 23680
17788 23255
17788 26414
17788 24887
17788 23933
17964 18370
17964 21408
17964 19349
17964 23933
17964 25434
19005 20145
19005 25307
20145 27662
7951 11081
7951 12357
7951 11698
7951 17788
7951 17964
7951 25736
7951 7988
7951 18370
7951 9195
7951 16956
7951 20145
7951 19005
7951 23933
7951 14972
7951 26414
12357 19005
12357 20145
12357 27662
12357 17964
23933 27570
23933 25434
23933 26414
23933 24123
23933 27822
23933 26504
23933 27153
23933 25307
23933 26313
23933 25736
610 7951
610 20145
610 12357
610 23933
610 17964
610 10877
610 9195
610 17788
610 19005
