k : 6
Overall running time: 0.095661s.
diameter : 3
max_attr : 12
min_attr : 7
attribute delta : 5
final attribute distribution : 
7 12 


ans.V.size: 19
16680 0
27130 0
474 0
18737 1
21767 0
582 1
4238 0
8479 0
8811 0
11697 0
11954 0
12552 0
14711 0
13565 1
14229 1
17939 1
20047 0
26185 1
221 1

16680 17939
16680 27130
16680 20047
16680 18737
16680 21767
474 11697
474 582
474 14229
474 11954
474 16680
474 18737
474 21767
18737 21767
582 18737
582 21767
582 17939
582 27130
582 11697
582 11954
582 14229
582 4238
582 16680
582 20047
4238 11697
4238 14229
4238 17939
8479 13565
8479 14229
8479 12552
8479 14711
8479 26185
8811 11697
8811 17939
8811 27130
8811 11954
8811 20047
11697 21767
11697 17939
11697 27130
11697 18737
11697 20047
11697 16680
11697 14229
11697 11954
11954 14229
11954 17939
11954 27130
11954 18737
11954 21767
12552 13565
12552 14229
12552 14711
12552 26185
14711 26185
13565 26185
13565 14229
13565 14711
14229 17939
14229 27130
14229 16680
14229 14711
14229 20047
17939 20047
17939 27130
20047 27130
221 13565
221 11697
221 8811
221 582
221 14229
221 12552
221 11954
221 14711
221 17939
221 26185
221 8479
221 4238
221 20047
