k : 4
Overall running time: 15.1175s.
diameter : 4
max_attr : 20
min_attr : 9
attribute delta : 11
final attribute distribution : 
9 20 


ans.V.size: 142
9570 0
8853 1
23831 1
27222 1
927 1
11630 0
7776 0
21399 1
22223 0
26499 1
24743 0
20869 0
25469 0
5024 0
5523 1
1224 0
1542 0
3060 0
25398 0
4333 1
10699 1
10406 0
15509 1
9087 0
12406 0
814 1
3811 0
24956 0
5345 0
1802 1
2710 0
24066 1
10147 0
9544 1
8803 1
2492 0
22284 0
22340 0
14711 0
1469 0
11165 0
11031 0
68 0
24149 0
4499 1
17594 0
17068 0
6941 0
1853 0
22255 1
2896 1
17544 1
13187 0
27005 1
13406 0
20932 1
7699 0
8479 0
14636 0
25978 1
11369 1
5712 1
19983 1
15532 0
25992 1
17804 0
8819 0
3040 0
23629 0
23141 1
10331 0
7708 0
10653 1
21850 0
16510 0
23067 1
21767 0
19141 0
6915 0
12801 1
12552 0
14808 0
474 0
27014 0
14658 0
7376 1
13344 0
27130 0
4238 0
14025 1
12507 0
12229 0
2260 0
21634 1
20047 0
3893 1
3155 0
17939 1
20163 0
2023 0
14673 0
17215 0
13565 1
27842 0
22426 0
18426 1
2519 1
21378 0
3735 1
11728 0
17531 0
17743 0
486 1
27017 1
11697 0
10936 0
221 1
18737 1
24128 0
20759 1
3187 0
21080 0
8811 0
27752 1
7206 0
11505 0
582 1
1728 0
3734 0
3873 0
3901 0
5310 0
5990 0
10914 0
11954 0
15673 0
18305 0
23311 0
5005 1
14229 1
25220 1
661 0

9570 22284
9570 14229
9570 17544
8853 18426
8853 17743
8853 14025
8853 27014
927 5990
927 2023
927 14658
11630 24149
7776 20869
7776 24743
21399 25992
20869 24743
5024 23311
5024 23141
5523 21767
5523 10147
5523 11954
1224 7206
1224 5990
1224 17531
1542 5990
1542 2023
1542 11728
1542 10936
3060 5990
3060 14673
3060 20163
3060 17531
4333 18305
4333 5345
4333 14636
4333 15509
10699 12801
10699 25978
10406 27005
10406 11165
10406 11505
15509 18305
9087 17531
9087 17215
12406 25978
12406 12801
814 3873
814 15673
814 13187
814 25992
3811 5990
3811 17531
3811 17215
3811 7206
24956 25469
5345 18305
5345 14636
5345 15509
1802 5990
1802 7206
1802 5712
2710 3901
2710 25398
24066 27005
10147 21767
10147 11954
9544 14229
9544 20047
9544 9570
8803 14229
8803 9544
8803 11697
8803 20047
2492 15673
2492 7206
2492 10936
2492 7376
2492 8819
22340 27005
22340 24066
1469 3901
1469 2710
1469 25398
11165 27005
11165 22340
11165 11505
11031 17594
11031 18305
11031 22223
68 3873
68 9570
68 22284
68 13406
68 17544
4499 14229
4499 23831
4499 8479
17594 18305
17594 22223
17068 18305
6941 13344
6941 18305
6941 12507
6941 19983
1853 22426
1853 7206
1853 20163
1853 24128
1853 3873
2896 11954
2896 24956
2896 25469
17544 22284
13187 22255
13187 15673
13187 17544
13187 13406
13406 22255
13406 22284
13406 17544
20932 27752
20932 25992
7699 17594
7699 18305
7699 11031
8479 14711
8479 13565
8479 23831
8479 8853
8479 14229
8479 12552
8479 17743
8479 18426
14636 18305
14636 15509
11369 12229
11369 12507
11369 19983
5712 5990
5712 7206
5712 26499
15532 17068
15532 18305
15532 19983
17804 27130
17804 17939
17804 20047
8819 15673
8819 10936
8819 21378
3040 23311
3040 23141
3040 10699
3040 12801
3040 25978
3040 5024
23629 24128
23141 23311
23141 25978
10331 24128
10331 27014
10331 17743
7708 13344
7708 17068
7708 12229
7708 11369
10653 22426
10653 14025
10653 17743
10653 27222
10653 24128
21850 25220
16510 25992
16510 20932
16510 23141
21767 21850
19141 24149
6915 21634
12801 23311
12801 23141
12801 16510
12801 25978
12552 14711
12552 23067
12552 23831
12552 13565
12552 14229
14808 20932
14808 16510
474 582
474 11697
474 21850
474 14229
474 11954
474 10147
474 18737
474 21767
14658 24128
14658 14808
7376 17215
7376 10936
7376 19141
7376 8819
7376 17531
7376 14658
7376 15673
13344 18305
13344 15532
13344 19983
4238 11697
4238 14229
4238 17804
4238 17939
4238 13565
4238 8803
14025 18426
14025 21634
12507 15532
12507 18305
12507 19983
12507 13344
12229 17068
12229 15532
12229 13344
12229 19983
12229 18305
12229 12507
2260 13344
2260 3155
2260 12229
2260 15532
2260 11369
2260 7708
2260 6941
2260 3734
2260 12507
2260 18305
21634 24128
21634 27014
20047 27130
3893 27014
3893 6915
3893 5990
3893 17743
3893 14025
3893 14673
3893 10331
3155 13344
3155 4499
3155 12507
3155 12229
3155 8479
3155 3734
3155 7708
3155 12552
3155 11369
17939 27130
17939 20047
20163 20759
20163 24128
20163 22426
2023 7699
2023 17594
2023 5990
2023 18305
2023 14808
2023 22255
2023 11728
2023 11031
2023 14658
14673 17743
14673 21634
14673 18426
14673 24128
14673 20163
17215 17531
17215 22426
17215 20163
17215 19141
13565 14711
13565 23831
13565 19141
13565 23067
13565 14229
22426 24128
22426 27222
18426 21634
18426 27014
18426 24128
2519 6915
2519 3735
2519 3893
2519 14673
2519 10331
2519 5990
2519 18426
2519 14025
2519 17743
2519 8853
2519 24128
3735 14025
3735 17743
3735 27014
3735 20163
3735 24128
3735 21634
3735 5990
3735 14673
3735 18426
3735 10653
3735 3893
11728 25992
11728 14808
11728 14658
11728 27752
11728 22255
11728 20932
11728 16510
17531 20163
17531 24128
17531 19141
17531 22426
17743 21634
17743 24128
17743 27014
17743 18426
486 22426
486 3893
486 10331
486 14673
486 14025
486 17743
486 3735
486 8853
486 24128
486 21634
486 5990
486 2519
486 18426
486 6915
11697 27017
11697 27130
11697 20047
11697 18737
11697 21850
11697 11954
11697 25220
11697 14229
11697 21767
11697 17939
10936 13565
10936 24149
10936 22426
10936 19141
10936 11728
10936 14808
10936 17215
10936 14658
10936 17531
10936 24128
221 17939
221 25398
221 3155
221 14711
221 20047
221 8479
221 3901
221 4499
221 4238
221 582
221 11697
221 11954
221 8811
221 12552
221 1469
221 25220
221 14229
221 13565
18737 21767
18737 21850
20759 24128
3187 15673
3187 21378
3187 8819
21080 23311
8811 11954
8811 17804
8811 17939
8811 27130
8811 11697
8811 20047
7206 8819
7206 24128
7206 14658
7206 20163
7206 23629
7206 24149
7206 22426
7206 11630
7206 19141
7206 14808
7206 17215
7206 7376
7206 9087
7206 17531
7206 26499
7206 13565
11505 27005
11505 24066
11505 22340
582 3901
582 27130
582 21850
582 17939
582 21767
582 17804
582 20047
582 11954
582 4238
582 14229
582 25220
582 661
582 27017
582 11697
582 18737
582 9544
582 9570
1728 12801
1728 11728
1728 5990
1728 27752
1728 23141
1728 10699
1728 16510
1728 23311
1728 3040
1728 20932
1728 25978
1728 12406
1728 21080
1728 10936
3734 18305
3734 3901
3734 10914
3734 11369
3734 27842
3734 7708
3734 17068
3873 22426
3873 24743
3873 7206
3873 25992
3873 13406
3873 7776
3873 15673
3873 13187
3873 17215
3873 20869
3873 10936
3873 5310
3873 21399
3873 17544
3873 22284
3873 22255
3873 11728
3901 11954
3901 27005
3901 17939
3901 5005
3901 24066
3901 11165
3901 10406
3901 4238
3901 11505
3901 27130
3901 22340
3901 10914
3901 25398
3901 27842
5310 15673
5990 23629
5990 19141
5990 10936
5990 11630
5990 11728
5990 21634
5990 27222
5990 14658
5990 17743
5990 8853
5990 14673
5990 13565
5990 27014
5990 24128
5990 9087
5990 10653
5990 20759
5990 21080
5990 10331
5990 23311
5990 22426
5990 22255
5990 6915
5990 14025
5990 8479
5990 18426
5990 24149
5990 20163
5990 14808
5990 17531
5990 26499
5990 7206
10914 18305
10914 14229
10914 11954
10914 27842
11954 27017
11954 17939
11954 21767
11954 25469
11954 18737
11954 24956
11954 21850
11954 14229
11954 27130
15673 21378
15673 25992
15673 21399
15673 17215
18305 19983
18305 22223
5005 11954
14229 17804
14229 20047
14229 14711
14229 25220
14229 27130
14229 17939
14229 23067
14229 23831
661 3734
661 23311
661 15673
661 10914
661 11954
661 18305
661 3901
661 14229
661 25220
661 5310
661 5005
661 1728
661 5990
661 3873
