k : 5
Overall running time: 0.207068s.
diameter : 5
max_attr : 25
min_attr : 17
attribute delta : 8
final attribute distribution : 
17 25 


ans.V.size: 72
6534 0
1016 1
18492 0
12400 1
11445 0
5985 0
9368 0
19577 0
5151 1
23933 1
12445 0
9916 1
17658 1
3971 0
20504 0
2987 1
9324 1
21639 0
11628 1
2665 0
3367 0
11881 0
25434 0
16585 0
21095 1
23891 0
15447 0
9906 1
20668 1
22026 0
13039 1
1189 1
4647 0
4550 0
21116 0
19170 1
9748 1
24281 1
26555 0
1344 0
24105 0
829 0
13832 0
12957 1
19349 0
15075 0
21408 0
10975 0
4443 1
17964 0
7821 1
20696 0
13536 0
15728 1
20356 0
9554 1
23984 0
24029 0
10091 0
20368 1
18670 1
2636 1
6240 0
17264 0
11810 1
4329 0
7886 0
12024 1
20009 0
15544 1
19549 1
426 1

6534 12400
6534 24105
6534 12957
1016 24281
1016 2987
1016 23891
1016 26555
1016 19577
1016 11881
1016 5985
18492 21408
12400 15447
12400 24105
12400 24281
12400 12957
11445 12957
11445 24281
11445 15447
11445 12400
11445 20668
11445 21639
5985 12400
5985 21639
5985 24281
5985 24105
5985 11445
5985 11881
5985 17658
9368 17964
9368 23933
9368 25434
19577 24281
5151 9916
5151 26555
5151 24105
5151 11881
23933 25434
12445 21095
12445 24281
12445 21639
12445 20668
12445 17658
9916 19170
9916 26555
9916 24105
9916 20668
9916 22026
9916 17658
9916 11881
17658 24281
17658 24105
17658 20668
3971 21408
3971 16585
3971 18492
3971 13039
20504 24105
20504 21639
2987 21639
2987 3367
2987 17658
2987 11445
2987 5985
2987 20668
2987 15728
2987 6534
2987 12957
2987 24281
2987 12400
2987 24105
2987 9324
2987 20504
9324 24281
9324 26555
9324 24105
9324 12445
9324 17658
9324 21639
21639 26555
21639 24105
21639 24281
11628 24281
11628 24105
11628 20668
11628 22026
11628 21095
2665 20668
2665 11628
2665 21095
2665 22026
2665 24105
2665 4443
2665 9916
3367 12957
3367 24105
3367 11445
3367 20668
11881 19170
11881 19577
11881 26555
11881 20668
11881 15728
11881 17658
11881 24281
11881 23891
16585 21408
16585 18492
21095 24281
21095 24105
21095 21639
23891 24281
23891 26555
15447 24105
15447 21639
9906 24281
9906 23891
9906 15728
20668 21639
20668 21095
20668 24281
20668 24105
22026 24105
13039 21408
13039 16585
13039 18492
1189 24281
1189 15728
1189 24105
1189 17658
4647 17964
4647 25434
4647 23933
4647 9368
4550 10091
4550 13536
4550 13832
4550 20696
19170 21116
19170 26555
19170 23891
19170 21408
19170 19349
19170 24105
19170 21639
9748 17264
9748 19170
9748 21116
9748 24105
9748 15728
1344 2636
1344 6240
1344 17264
1344 10091
1344 24105
1344 24029
1344 23984
1344 19170
24105 26555
829 21639
829 4443
829 24105
829 24281
829 2987
829 1189
829 19577
829 1016
829 19170
829 15728
829 9916
829 23891
829 17658
829 9906
829 17264
829 12957
829 20668
829 26555
829 11881
829 5151
829 22026
829 9324
13832 20696
13832 24029
13832 19349
13832 17964
13832 20356
13832 15075
12957 15447
12957 20504
12957 24281
12957 24105
12957 21639
12957 17964
12957 17264
19349 21408
19349 24105
19349 24029
19349 20356
19349 23984
15075 17264
15075 24029
15075 19349
15075 20356
21408 23984
10975 17264
10975 23984
10975 20356
10975 17964
10975 19349
4443 17264
4443 12957
4443 21095
4443 19170
4443 24281
4443 9916
4443 11628
4443 22026
17964 25434
17964 19349
17964 21408
17964 23933
7821 23984
7821 20356
20696 24029
13536 24029
13536 13832
13536 20696
15728 26555
15728 21116
15728 24281
15728 23891
15728 19170
15728 17264
15728 24105
20356 23984
9554 17264
9554 10091
9554 19170
9554 17964
9554 12957
9554 19349
23984 24105
23984 24029
10091 19549
10091 13832
10091 20696
10091 19349
10091 24029
10091 23984
10091 13536
10091 19170
18670 19549
18670 20368
2636 20356
2636 7886
2636 12957
2636 17264
2636 4329
2636 6240
2636 13832
2636 7821
2636 19549
2636 20368
2636 24029
2636 17964
2636 9554
2636 19170
2636 23984
6240 17964
6240 9554
6240 10975
6240 20356
6240 19549
6240 21408
6240 19349
6240 24029
6240 17264
6240 13832
6240 10091
6240 7821
6240 15075
6240 23984
6240 19170
17264 21116
17264 17964
17264 24281
17264 19549
17264 26555
17264 23984
17264 19170
17264 24029
17264 21408
17264 19349
17264 24105
11810 20009
11810 15544
11810 19549
11810 20368
4329 19549
4329 20368
4329 12024
4329 7886
4329 20009
4329 18670
4329 15544
4329 11810
7886 19549
7886 20368
7886 12024
7886 15544
7886 18670
7886 11810
12024 20368
12024 20009
20009 20368
15544 20368
15544 19549
15544 18670
19549 24029
19549 23984
19549 20368
19549 20009
426 12024
426 7886
426 20009
426 15544
426 19549
426 4329
