k : 6
Overall running time: 0.103537s.
diameter : 4
max_attr : 16
min_attr : 10
attribute delta : 6
final attribute distribution : 
10 16 


ans.V.size: 26
2519 1
486 1
18426 1
3893 1
5990 0
3735 1
24132 0
17743 0
10331 0
21634 1
19602 0
10768 0
24972 1
10983 0
10801 0
8786 0
27043 0
6427 0
27014 0
1879 0
5610 0
21474 0
25469 0
18627 1
20759 1
868 1

2519 18426
2519 17743
2519 10331
2519 3893
2519 5990
2519 24132
2519 3735
486 21634
486 18426
486 17743
486 10331
486 3893
486 2519
486 5990
486 24132
486 3735
18426 21634
18426 27014
18426 24132
3893 27014
3893 24132
3893 5990
3893 10331
3893 17743
5990 17743
5990 21634
5990 18426
5990 10331
5990 27014
3735 17743
3735 21634
3735 24132
3735 27014
3735 5990
3735 18426
3735 3893
24132 27014
17743 21634
17743 27014
17743 18426
17743 24132
10331 27014
10331 17743
10331 24132
21634 27014
21634 24132
19602 25469
19602 24972
10768 25469
10768 18627
10768 10801
10768 27014
24972 25469
24972 27043
10983 25469
10983 19602
10983 27043
10983 24972
10801 25469
10801 18627
10801 27043
10801 27014
8786 25469
8786 19602
8786 10983
8786 24972
8786 27043
6427 25469
6427 18627
6427 10801
6427 8786
6427 10983
6427 19602
6427 10768
6427 27043
6427 27014
6427 24972
27014 27043
1879 20759
1879 18627
1879 25469
1879 5610
5610 20759
5610 21474
5610 18627
5610 25469
21474 25469
25469 27014
25469 27043
18627 20759
18627 21474
18627 25469
18627 27014
18627 27043
20759 21474
20759 25469
868 20759
868 21474
868 18627
868 1879
868 5610
868 25469
