k : 6
Overall running time: 0.104851s.
diameter : 2
max_attr : 11
min_attr : 7
attribute delta : 4
final attribute distribution : 
11 7 


ans.V.size: 18
5726 0
8802 0
21829 1
12613 1
3865 0
2768 1
22323 1
3857 1
12215 1
23016 1
20658 1
25337 1
18319 1
7836 0
9721 0
20587 0
21447 1
260 0

5726 7836
5726 20658
5726 23016
5726 12215
8802 21447
8802 9721
8802 25337
8802 20658
8802 23016
21829 22323
12613 23016
12613 21829
12613 22323
12613 20658
12613 20587
12613 21447
3865 7836
3865 21447
3865 23016
3865 5726
3865 20658
3865 8802
3865 25337
3865 12215
2768 7836
2768 9721
2768 20587
2768 12215
2768 25337
2768 20658
2768 22323
2768 21829
22323 23016
3857 8802
3857 20658
3857 25337
3857 21447
3857 7836
3857 20587
3857 12215
3857 22323
3857 21829
3857 23016
3857 5726
12215 20658
12215 25337
12215 21447
12215 21829
12215 22323
12215 12613
12215 23016
23016 25337
20658 25337
20658 22323
20658 21447
20658 23016
18319 21447
18319 20587
18319 20658
7836 18319
7836 25337
7836 22323
7836 23016
7836 21829
7836 12613
7836 21447
7836 20587
7836 9721
7836 12215
7836 20658
9721 25337
9721 21447
9721 20587
9721 20658
9721 18319
9721 23016
20587 20658
20587 22323
20587 21829
20587 21447
21447 22323
21447 23016
260 7836
260 21447
260 9721
260 20587
260 18319
