k : 5
Overall running time: 0.395306s.
diameter : 2
max_attr : 9
min_attr : 8
attribute delta : 1
final attribute distribution : 
9 8 


ans.V.size: 17
506 1
7982 1
9096 1
16672 1
19953 1
4520 0
8807 0
9466 1
13364 1
24416 1
15696 0
16583 0
17824 0
20259 0
24070 0
27747 0
407 1

506 16583
506 9466
506 20259
7982 20259
7982 16672
7982 13364
9096 16583
9096 9466
9096 17824
16672 20259
19953 24070
19953 20259
4520 15696
4520 27747
4520 24416
8807 20259
8807 24070
8807 19953
9466 20259
9466 16583
9466 17824
13364 20259
13364 16672
24416 27747
15696 24416
15696 27747
16583 20259
16583 17824
20259 24070
407 7982
407 15696
407 27747
407 17824
407 16672
407 8807
407 4520
407 9096
407 20259
407 506
407 24416
407 9466
407 19953
407 13364
407 16583
407 24070
