k : 7
Overall running time: 0.089064s.
diameter : 2
max_attr : 10
min_attr : 7
attribute delta : 3
final attribute distribution : 
10 7 


ans.V.size: 17
15921 1
2519 1
3735 1
3893 1
8853 1
5990 0
10331 0
12856 1
14025 1
18426 1
21634 1
14673 0
17743 0
24058 0
24128 0
24132 0
486 1

15921 24058
15921 18426
15921 17743
2519 5990
2519 17743
2519 14025
2519 18426
2519 24058
2519 8853
2519 3735
2519 24132
2519 3893
2519 10331
2519 24128
2519 15921
2519 14673
2519 12856
3735 18426
3735 24058
3735 5990
3735 17743
3735 14025
3735 21634
3735 14673
3735 15921
3735 24128
3735 24132
3735 3893
3893 24058
3893 5990
3893 17743
3893 14025
3893 12856
3893 14673
3893 10331
3893 15921
3893 24132
8853 18426
8853 24058
8853 17743
8853 14025
8853 15921
5990 18426
5990 17743
5990 14025
5990 8853
5990 24128
5990 21634
5990 14673
10331 17743
10331 12856
10331 24132
12856 24058
12856 17743
12856 24132
14025 18426
14025 24058
14025 15921
18426 24058
18426 24132
18426 24128
18426 21634
21634 24128
14673 18426
14673 17743
14673 21634
14673 24128
17743 24132
17743 18426
17743 24058
17743 21634
17743 24128
24058 24132
486 3735
486 24132
486 24058
486 2519
486 5990
486 18426
486 17743
486 14025
486 8853
486 12856
486 24128
486 21634
486 14673
486 10331
486 3893
