k : 7
Overall running time: 0.092985s.
diameter : 2
max_attr : 19
min_attr : 12
attribute delta : 7
final attribute distribution : 
12 19 


ans.V.size: 31
18910 1
5816 1
17848 1
14011 0
12496 0
15478 1
12258 0
6634 0
22041 1
9564 1
24123 1
26313 1
12557 0
24887 0
27570 1
5486 0
19713 0
26414 1
6669 0
27153 0
1605 0
5328 0
7596 1
8847 0
18534 0
18680 0
19087 0
19854 0
23933 1
27822 0
496 0

18910 19087
18910 24123
5816 26414
5816 22041
5816 27822
5816 7596
5816 18534
5816 9564
5816 12496
5816 18910
17848 24123
17848 19087
17848 19854
17848 18534
17848 22041
17848 18680
17848 19713
14011 24123
14011 26414
14011 27570
14011 18680
14011 17848
14011 19854
14011 18534
14011 19713
14011 24887
12496 19713
12496 18910
12496 19854
12496 27822
12496 18534
12496 24123
12496 26414
12496 14011
12496 17848
15478 18680
15478 26414
15478 22041
15478 27822
15478 23933
15478 19713
15478 26313
12258 24123
12258 26414
12258 27570
12258 27153
12258 18534
12258 19713
12258 18680
12258 17848
12258 19087
12258 19854
12258 15478
12258 23933
12258 22041
6634 26313
6634 19713
6634 22041
6634 17848
6634 26414
6634 24123
6634 18910
6634 8847
6634 18680
6634 14011
6634 27822
6634 7596
6634 18534
6634 9564
6634 19087
6634 6669
22041 26313
22041 24123
22041 26414
22041 27822
22041 23933
9564 24123
9564 26414
9564 27570
9564 14011
9564 18680
9564 12557
9564 18910
9564 24887
9564 19087
9564 12496
9564 27822
9564 23933
9564 18534
9564 19713
9564 22041
24123 27570
24123 26414
24123 27822
26313 27822
12557 18680
12557 19087
12557 19854
12557 23933
12557 18534
12557 22041
12557 27570
12557 19713
24887 26414
24887 27570
5486 27822
5486 18534
5486 6634
5486 26414
5486 14011
5486 12496
5486 24123
5486 18910
5486 19713
5486 5816
19713 27570
19713 23933
19713 27822
19713 26313
19713 27153
19713 24887
19713 24123
19713 26414
26414 27822
26414 27153
6669 26313
6669 17848
6669 24887
6669 19087
6669 19854
6669 12496
6669 26414
6669 27822
6669 23933
6669 18534
6669 19713
6669 14011
6669 27570
27153 27570
1605 27822
1605 18680
1605 5328
1605 26414
1605 19854
1605 12496
1605 19713
1605 5816
1605 15478
1605 24123
1605 18534
1605 23933
5328 24123
5328 26414
5328 18910
5328 8847
5328 26313
5328 7596
5328 23933
5328 6669
5328 19854
5328 17848
5328 18680
5328 15478
5328 5816
5328 19713
5328 27822
5328 12258
5328 27570
5328 18534
5328 9564
5328 22041
7596 18680
7596 12258
7596 19087
7596 26414
7596 23933
7596 22041
7596 18534
7596 18910
8847 24123
8847 26414
8847 19087
8847 23933
8847 27822
8847 22041
8847 17848
8847 18534
8847 18680
8847 14011
8847 12258
8847 27570
8847 12496
18534 19713
18534 19087
18534 23933
18534 19854
18534 18680
18534 22041
18534 26414
18534 27570
18534 27822
18534 18910
18680 27570
18680 19854
18680 19087
18680 27822
18680 27153
18680 23933
18680 24123
18680 26414
18680 18910
18680 26313
18680 19713
19087 26414
19087 19854
19087 23933
19087 27153
19087 27822
19087 24887
19087 22041
19087 27570
19087 19713
19854 23933
19854 27822
19854 22041
19854 27570
19854 26414
19854 24123
19854 26313
23933 26313
23933 27153
23933 24123
23933 26414
23933 27822
23933 27570
496 8847
496 18680
496 19087
496 19854
496 5328
496 1605
496 27822
496 23933
496 7596
496 18534
