k : 6
Overall running time: 0.089158s.
diameter : 3
max_attr : 11
min_attr : 9
attribute delta : 2
final attribute distribution : 
9 11 


ans.V.size: 20
10147 0
22013 0
3948 0
4219 0
5337 1
13203 1
1979 0
7976 0
16906 0
22893 0
23706 0
26560 0
27933 0
2289 1
5523 1
7074 1
15268 1
18892 1
25300 1
581 1

10147 18892
10147 16906
10147 26560
10147 23706
10147 22013
22013 27933
22013 26560
3948 16906
3948 26560
3948 7074
3948 7976
4219 27933
4219 16906
4219 7976
4219 5337
4219 13203
5337 27933
5337 16906
5337 7976
5337 13203
13203 27933
13203 16906
1979 25300
1979 22893
1979 22013
1979 27933
1979 3948
1979 15268
1979 16906
1979 26560
1979 2289
1979 7074
1979 7976
1979 10147
1979 23706
1979 5523
1979 18892
7976 22013
7976 13203
7976 27933
7976 16906
7976 26560
7976 10147
7976 18892
16906 18892
16906 23706
16906 25300
16906 26560
16906 22013
16906 27933
22893 26560
23706 27933
23706 26560
26560 27933
2289 27933
2289 3948
2289 15268
2289 16906
2289 26560
2289 7074
2289 10147
2289 5523
2289 22893
5523 18892
5523 16906
5523 26560
5523 23706
5523 7976
5523 10147
5523 7074
5523 25300
7074 25300
7074 22893
7074 22013
7074 10147
7074 27933
7074 7976
7074 23706
7074 18892
7074 15268
7074 16906
7074 26560
15268 27933
15268 18892
15268 26560
15268 16906
15268 23706
18892 27933
18892 25300
18892 23706
18892 26560
25300 27933
25300 26560
581 18892
581 1979
581 27933
581 15268
581 16906
581 26560
581 2289
581 23706
581 7976
581 7074
581 25300
581 22893
581 5523
