k : 5
Overall running time: 0.602678s.
diameter : 6
max_attr : 25
min_attr : 24
attribute delta : 1
final attribute distribution : 
24 25 


ans.V.size: 49
17510 1
1413 0
8965 0
2709 0
11194 0
18047 0
12712 0
9852 1
10889 1
7938 1
5884 0
19602 0
12027 0
14955 0
23894 1
23397 1
19718 1
3402 1
2567 1
25609 1
4950 0
5337 1
9066 0
13203 1
3948 0
7298 1
22013 0
25155 0
1885 1
4219 0
9697 1
18986 1
10147 0
23373 1
6066 0
1979 0
7976 0
16906 0
22893 0
23706 0
26560 0
27933 0
2289 1
5523 1
7074 1
15268 1
18892 1
25300 1
581 1

17510 23373
17510 18047
1413 8965
1413 3402
1413 11194
1413 17510
1413 23373
1413 9852
1413 12712
1413 14955
1413 2709
8965 11194
8965 14955
8965 17510
8965 23373
8965 12712
2709 9852
2709 12712
2709 14955
2709 8965
2709 11194
2709 3402
2709 18047
2709 23373
2709 17510
11194 18047
11194 17510
11194 23373
11194 12712
18047 23373
12712 23373
12712 18047
9852 23373
9852 14955
9852 18047
9852 11194
10889 18986
10889 23397
10889 23894
7938 23373
7938 8965
7938 11194
7938 12712
5884 12027
5884 19602
5884 19718
19602 19718
12027 19718
12027 19602
14955 23373
14955 17510
14955 18047
3402 11194
3402 18047
3402 7938
3402 8965
3402 14955
3402 17510
3402 23373
3402 9852
3402 12712
2567 15268
2567 18986
2567 9697
2567 6066
4950 25300
4950 9066
4950 25609
4950 23373
5337 27933
5337 16906
5337 7976
5337 13203
9066 25300
9066 23373
9066 25609
13203 27933
13203 16906
3948 16906
3948 26560
3948 7074
3948 7976
7298 15268
7298 18986
7298 10889
7298 23397
7298 25155
7298 23894
7298 9697
22013 27933
22013 26560
1885 16906
1885 7074
1885 7976
1885 5523
4219 27933
4219 16906
4219 7976
4219 5337
4219 12027
4219 13203
4219 5884
4219 19602
4219 19718
9697 15268
9697 18986
9697 10889
9697 25155
9697 23894
9697 23397
18986 23894
18986 25155
18986 23397
10147 18892
10147 16906
10147 26560
10147 23706
10147 22013
23373 25609
23373 25300
6066 15268
6066 18986
6066 9697
1979 25300
1979 22893
1979 22013
1979 27933
1979 3948
1979 15268
1979 16906
1979 26560
1979 2289
1979 7074
1979 7976
1979 10147
1979 23706
1979 5523
1979 18892
7976 18892
7976 13203
7976 22013
7976 27933
7976 16906
7976 26560
7976 10147
16906 18892
16906 23706
16906 25300
16906 26560
16906 22013
16906 27933
22893 26560
23706 27933
23706 26560
26560 27933
2289 27933
2289 3948
2289 15268
2289 16906
2289 26560
2289 7074
2289 10147
2289 5523
2289 22893
5523 18892
5523 16906
5523 26560
5523 23706
5523 7976
5523 10147
5523 7074
5523 25300
7074 25300
7074 22893
7074 22013
7074 10147
7074 7976
7074 27933
7074 23706
7074 18892
7074 15268
7074 16906
7074 26560
15268 25155
15268 27933
15268 23706
15268 18892
15268 26560
15268 18986
15268 16906
18892 27933
18892 25300
18892 23706
18892 26560
25300 27933
25300 26560
25300 25609
581 18892
581 1979
581 27933
581 15268
581 16906
581 26560
581 2289
581 23706
581 7976
581 7074
581 25300
581 22893
581 5523
