k : 5
Overall running time: 0.250301s.
diameter : 3
max_attr : 14
min_attr : 14
attribute delta : 0
final attribute distribution : 
14 14 


ans.V.size: 39
27583 1
7200 0
26642 0
25221 0
8802 0
6519 1
361 1
3173 0
5726 0
2251 1
3729 1
11370 0
3820 1
21829 1
21388 1
25337 1
3865 0
2768 1
14408 1
12613 1
23016 1
5944 1
22323 1
3857 1
12215 1
1009 0
8466 1
20658 1
16335 0
18319 1
21447 1
1636 0
2388 0
5919 0
7836 0
9721 0
20587 0
20755 0
260 0

7200 7836
7200 21447
7200 23016
7200 8802
7200 25337
7200 12215
8802 23016
8802 25337
8802 20658
8802 21447
8802 9721
6519 7836
6519 20658
361 7836
361 21447
361 18319
361 20658
3173 7836
3173 21447
3173 20587
3173 5944
5726 20755
5726 7836
5726 6519
5726 23016
5726 20658
5726 5944
5726 12215
2251 3820
2251 14408
2251 20587
2251 8466
3729 16335
3729 3865
3729 22323
3729 12215
3729 11370
3729 23016
3729 5726
3729 3857
3729 12613
3729 21388
11370 14408
11370 12613
11370 22323
11370 23016
3820 21829
3820 22323
3820 12613
3820 8466
3820 5944
3820 20658
3820 12215
3820 11370
3820 20587
3820 26642
3820 14408
21829 27583
21829 22323
21388 26642
21388 23016
21388 22323
3865 20755
3865 7836
3865 21447
3865 23016
3865 5726
3865 20658
3865 8802
3865 25337
3865 12215
2768 7836
2768 9721
2768 27583
2768 20587
2768 12215
2768 20658
2768 25221
2768 25337
2768 22323
2768 21829
2768 21388
14408 21829
14408 20587
12613 26642
12613 21388
12613 21447
12613 20587
12613 20658
12613 22323
12613 21829
12613 23016
12613 14408
23016 25337
5944 21829
5944 20658
5944 14408
5944 21388
5944 8802
5944 23016
5944 25337
5944 20587
5944 11370
5944 12215
5944 7836
5944 9721
5944 21447
22323 26642
22323 23016
22323 27583
3857 6519
3857 23016
3857 22323
3857 5726
3857 5944
3857 21388
3857 8802
3857 20658
3857 20587
3857 11370
3857 12215
3857 7836
3857 21447
3857 5919
3857 21829
3857 25337
3857 20755
12215 25337
12215 20658
12215 23016
12215 12613
12215 14408
12215 22323
12215 21829
12215 21447
1009 21447
1009 9721
1009 5919
1009 3857
1009 2768
1009 5944
1009 21388
1009 11370
1009 12215
1009 25337
8466 20587
8466 14408
20658 23016
20658 20755
20658 25337
20658 25221
20658 22323
20658 21388
20658 21447
16335 27583
16335 20587
16335 22323
16335 21829
16335 26642
16335 21388
18319 20755
18319 21447
18319 20587
18319 20658
21447 23016
21447 22323
1636 20587
1636 12215
1636 21447
1636 2388
1636 16335
1636 3729
1636 23016
2388 7836
2388 21447
2388 27583
2388 5944
2388 16335
2388 20658
2388 25221
2388 2768
2388 5919
2388 22323
5919 7836
5919 20587
5919 11370
5919 21388
5919 22323
7836 11370
7836 16335
7836 23016
7836 21829
7836 22323
7836 12613
7836 21447
7836 9721
7836 12215
7836 20587
7836 18319
7836 25221
7836 25337
7836 20658
9721 25337
9721 20755
9721 21447
9721 20587
9721 20658
9721 18319
9721 23016
20587 21447
20587 22323
20587 20658
20587 26642
20587 21829
20755 21447
260 20755
260 7836
260 21447
260 9721
260 20587
260 2388
260 18319
260 1636
260 5919
