k : 5
Overall running time: 1.45618s.
diameter : 4
max_attr : 18
min_attr : 14
attribute delta : 4
final attribute distribution : 
14 18 


ans.V.size: 39
10975 0
21408 0
4550 0
15728 1
12957 1
9554 1
20356 0
1344 0
20696 0
17964 0
9748 1
21116 0
24105 0
4443 1
13832 0
19170 1
24281 1
13536 0
19349 0
829 0
15075 0
26555 0
7821 1
17264 0
2636 1
6240 0
10091 0
23984 0
11810 1
20368 1
24029 0
18670 1
4329 0
7886 0
20009 0
12024 1
15544 1
19549 1
426 1

10975 17264
10975 23984
10975 20356
10975 17964
10975 19349
21408 23984
4550 10091
4550 13536
4550 13832
4550 20696
15728 26555
15728 21116
15728 19170
15728 17264
15728 24105
12957 17264
12957 17964
12957 24281
9554 17264
9554 10091
9554 19170
9554 17964
9554 12957
9554 19349
20356 23984
1344 2636
1344 6240
1344 17264
1344 10091
1344 24105
1344 24029
1344 23984
1344 19170
20696 24029
17964 19349
17964 21408
9748 17264
9748 19170
9748 21116
9748 24105
9748 15728
24105 26555
4443 17264
4443 12957
4443 24281
13832 20696
13832 24029
13832 19349
13832 17964
13832 20356
13832 15075
19170 21408
19170 19349
19170 24105
19170 26555
19170 21116
13536 24029
13536 13832
13536 20696
19349 21408
19349 24105
19349 24029
19349 20356
19349 23984
829 24105
829 4443
829 24281
829 19170
829 26555
829 12957
829 17264
829 15728
15075 17264
15075 24029
15075 19349
15075 20356
7821 23984
7821 20356
17264 21116
17264 17964
17264 24281
17264 19549
17264 26555
17264 23984
17264 19170
17264 24029
17264 21408
17264 19349
17264 24105
2636 20356
2636 7886
2636 12957
2636 17264
2636 4329
2636 6240
2636 13832
2636 7821
2636 19549
2636 20368
2636 24029
2636 17964
2636 9554
2636 19170
2636 23984
6240 17964
6240 9554
6240 10975
6240 20356
6240 19549
6240 21408
6240 19349
6240 24029
6240 17264
6240 13832
6240 10091
6240 7821
6240 15075
6240 23984
6240 19170
10091 19549
10091 13832
10091 20696
10091 19349
10091 24029
10091 23984
10091 13536
10091 19170
23984 24105
23984 24029
11810 20009
11810 15544
11810 19549
11810 20368
18670 19549
18670 20368
4329 19549
4329 20368
4329 12024
4329 7886
4329 20009
4329 18670
4329 15544
4329 11810
7886 19549
7886 20368
7886 12024
7886 15544
7886 18670
7886 11810
20009 20368
12024 20368
12024 20009
15544 20368
15544 19549
15544 18670
19549 24029
19549 23984
19549 20368
19549 20009
426 12024
426 7886
426 20009
426 15544
426 19549
426 4329
