k : 4
Overall running time: 0.862554s.
diameter : 4
max_attr : 15
min_attr : 10
attribute delta : 5
final attribute distribution : 
10 15 


ans.V.size: 73
3276 0
20623 1
15447 0
21116 0
9573 1
5151 1
18679 0
25789 0
12219 1
6849 0
7012 1
12195 1
5895 0
26754 0
26870 0
10613 0
20877 1
370 1
22897 0
5717 0
13970 0
7411 0
24611 0
1189 1
20223 0
6534 0
20850 0
17264 0
16290 0
22026 0
9324 1
3739 0
12400 1
23891 0
21095 1
2665 0
11628 1
17658 1
23299 0
19170 1
11445 0
19820 0
9916 1
24105 0
4443 1
9748 1
26555 0
12445 0
13384 0
5985 0
11881 0
4871 0
20668 1
12957 1
20504 0
9998 1
24281 1
19858 0
5285 1
829 0
1016 1
2702 0
2987 1
5723 0
11134 1
15728 1
16387 0
19577 0
21639 0
22735 0
25714 0
27918 0
682 0

3276 5717
3276 12957
20623 22735
15447 21639
15447 24105
21116 25789
9573 19820
9573 24105
9573 17658
9573 11881
5151 9916
5151 9573
5151 11881
5151 26555
5151 24105
18679 22735
18679 20668
18679 24105
12219 21639
12219 20668
12219 20223
12219 19170
12219 26555
12219 12445
6849 20877
6849 12957
7012 21639
7012 24281
7012 20668
7012 24105
7012 26555
7012 12445
12195 24105
5895 22897
5895 13970
10613 21639
10613 12957
10613 12219
10613 24611
10613 12400
20877 24105
370 12400
370 23299
370 5985
370 2987
5717 12957
5717 26555
5717 19858
5717 20504
5717 26754
13970 22897
7411 12957
7411 11445
7411 20877
7411 16387
7411 12400
1189 24281
1189 5717
1189 15728
1189 19858
1189 24105
1189 3276
1189 17658
20223 21639
20223 20668
20223 20623
6534 24105
6534 10613
6534 12957
6534 21095
6534 24611
6534 12400
20850 25714
17264 24105
17264 19170
17264 26555
17264 24281
17264 21116
16290 22735
16290 18679
16290 24105
22026 26870
22026 24105
9324 21639
9324 24281
9324 11134
9324 22735
9324 12445
9324 17658
9324 26555
9324 16290
9324 24105
3739 20850
3739 25714
3739 26870
3739 19820
3739 22026
3739 13384
12400 24611
12400 15447
12400 24105
12400 12957
12400 24281
23891 24281
23891 26555
21095 21639
21095 24105
21095 24281
2665 26870
2665 11628
2665 21095
2665 25714
2665 2702
2665 20668
2665 20223
2665 19820
2665 13384
2665 22026
2665 9916
2665 4443
2665 24105
11628 22026
11628 13384
11628 19820
11628 20223
11628 24105
11628 21095
11628 25714
11628 20668
11628 20850
11628 24281
17658 24105
17658 20504
17658 20668
17658 24281
19170 21639
19170 25789
19170 23891
19170 21116
19170 24105
19170 26555
11445 16387
11445 18679
11445 22735
11445 12400
11445 20668
11445 25714
11445 24281
11445 21639
11445 15447
11445 12957
19820 24105
19820 22026
19820 21095
19820 20850
19820 20668
19820 25714
19820 26870
9916 12445
9916 24105
9916 19170
9916 20668
9916 11881
9916 26555
9916 22026
9916 12195
9916 17658
24105 26754
24105 26555
4443 9916
4443 9748
4443 25789
4443 24281
4443 21095
4443 12957
4443 22735
4443 11628
4443 22026
4443 19170
4443 17264
4443 6534
9748 22735
9748 15728
9748 19170
9748 24105
9748 17264
9748 25789
9748 21116
26555 26754
12445 12957
12445 24281
12445 16290
12445 26754
12445 17658
12445 19858
12445 21639
12445 19577
12445 22735
12445 20668
12445 21095
13384 25714
13384 19820
13384 26870
13384 20850
13384 22026
5985 7012
5985 23299
5985 20877
5985 17658
5985 12219
5985 11881
5985 21639
5985 6849
5985 18679
5985 12400
5985 24105
5985 10613
5985 24611
5985 11445
5985 24281
11881 19820
11881 19577
11881 16290
11881 12195
11881 20623
11881 23891
11881 24281
11881 17658
11881 22735
11881 15728
11881 20668
11881 26555
11881 19170
4871 5723
4871 5895
4871 22897
20668 22735
20668 21095
20668 24281
20668 26754
20668 24105
20668 21639
12957 20877
12957 17264
12957 24105
12957 24281
12957 20504
12957 15447
12957 16387
12957 19577
12957 21639
20504 21639
20504 24105
20504 26754
9998 16387
9998 11445
9998 12957
24281 25714
19858 20504
19858 21639
5285 21639
5285 19858
5285 12445
829 23891
829 19170
829 1016
829 16387
829 19577
829 1189
829 2987
829 9324
829 12195
829 22026
829 24105
829 17658
829 9916
829 11134
829 15728
829 19858
829 27918
829 26555
829 11881
829 12957
829 17264
829 20623
829 24281
829 4443
829 20668
829 5151
829 22735
829 20223
829 21639
1016 12445
1016 5717
1016 5985
1016 24611
1016 20223
1016 3276
1016 22735
1016 19858
1016 16290
1016 24281
1016 23891
1016 6534
1016 21095
1016 2987
1016 1189
1016 19577
1016 26555
1016 11881
1016 2702
2702 22026
2702 9573
2702 21095
2702 26870
2702 25714
2702 11881
2702 20668
2702 20850
2702 11628
2702 19820
2702 3739
2702 9916
2987 17658
2987 5985
2987 6849
2987 21639
2987 12400
2987 9324
2987 23299
2987 24281
2987 24105
2987 11445
2987 7012
2987 12957
2987 3276
2987 5723
2987 15728
2987 20668
2987 6534
2987 11134
2987 20504
5723 5895
5723 11134
5723 16387
5723 12957
5723 22897
5723 13970
11134 16387
11134 27918
11134 19577
15728 24105
15728 24281
15728 25789
15728 23891
15728 17264
15728 21116
15728 19170
15728 26555
16387 24281
16387 20877
16387 25714
19577 24281
19577 20223
19577 20623
21639 24105
21639 24281
21639 26754
21639 26555
22735 24281
22735 25789
22735 24105
22735 26555
25714 26870
682 2702
682 22735
682 15728
682 16387
682 21639
682 27918
682 1016
682 25714
682 19577
682 2987
682 829
682 5723
682 11134
