k : 5
Overall running time: 6.17889s.
diameter : 4
max_attr : 18
min_attr : 14
attribute delta : 4
final attribute distribution : 
14 18 


ans.V.size: 92
8817 0
23609 0
4340 0
27088 0
14797 0
8013 0
16582 0
12539 0
9800 1
23144 0
589 0
3623 0
11976 0
5302 0
5757 0
16312 0
21474 0
4143 1
18951 0
2253 0
1879 0
3142 0
7928 0
5908 1
7759 1
10669 1
22217 0
17875 0
868 1
22908 0
20725 0
5610 0
8183 0
3998 1
18508 0
19567 0
13985 0
13971 0
26738 1
16630 0
18627 1
20163 0
25198 0
25469 0
27868 0
16277 1
20555 0
3803 1
19182 0
9227 0
16813 1
18824 0
8782 0
21150 0
17966 0
16202 1
1622 0
1796 0
19893 1
13374 0
19733 0
341 0
19640 0
397 0
16402 1
41 0
342 0
506 1
3860 0
4520 0
7485 0
7982 1
8807 0
9096 1
9466 1
13092 1
13364 1
14243 0
15377 0
15696 0
16583 0
16672 1
17824 0
19953 1
20259 0
20759 1
22416 0
24070 0
24416 1
26054 0
27747 0
407 1

8817 13364
8817 20259
8817 13374
8817 19640
8817 16402
4340 13092
4340 12539
4340 19182
4340 17966
4340 27088
14797 25198
14797 24070
14797 24416
14797 22908
8013 13364
8013 16672
8013 13374
8013 16402
16582 16583
16582 20259
12539 13092
12539 19182
12539 17966
12539 27088
9800 24416
9800 17824
23144 24416
589 9466
589 1796
589 8782
589 9227
589 11976
589 3623
3623 9466
3623 9227
3623 7759
3623 11976
11976 15377
11976 13985
11976 18951
11976 21150
5302 24416
5302 17824
5302 20725
5302 10669
5302 8782
5757 9466
5757 27747
5757 17824
5757 21150
16312 19567
16312 23609
21474 25469
4143 22416
4143 23144
4143 13374
4143 20163
4143 18824
18951 21150
2253 9466
2253 15377
2253 16630
2253 21150
1879 18824
1879 22416
1879 25469
1879 20759
1879 18627
1879 5610
3142 15377
3142 7928
3142 26738
3142 27868
7928 15377
7928 27868
7928 26738
5908 24070
5908 8807
5908 16277
7759 9466
7759 20259
7759 9227
7759 11976
10669 24416
10669 17824
10669 18824
22217 24070
17875 24416
17875 25198
868 5610
868 1879
868 18824
868 22416
868 25469
868 20759
868 18627
868 21474
22908 25198
22908 24416
20725 24416
20725 22908
20725 25198
5610 20759
5610 21474
5610 18627
5610 13092
5610 25469
8183 21150
8183 20259
8183 15377
8183 11976
8183 16630
8183 13971
8183 13985
3998 8807
3998 15377
3998 21150
18508 21150
19567 24416
19567 20259
19567 23609
13985 21150
13985 16630
13985 15377
13985 24416
13985 20259
13985 27747
13971 26054
13971 27747
13971 21150
13971 15377
13971 17824
13971 16630
13971 13985
26738 27868
16630 24416
16630 26054
16630 21150
16630 17824
18627 25469
18627 22416
18627 20759
18627 21474
20163 24070
20163 20759
20163 25469
20163 22416
20163 23144
16277 24070
3803 20759
3803 21474
3803 25469
3803 5610
19182 27088
9227 11976
9227 16312
9227 18824
9227 23609
9227 9466
9227 19567
9227 20259
9227 16583
16813 20259
18824 20163
18824 25469
18824 24070
18824 20759
18824 22416
18824 20259
8782 16583
8782 10669
8782 20725
8782 9096
8782 16312
8782 9227
8782 13374
8782 9466
8782 24416
8782 13092
8782 17824
8782 20259
21150 27747
17966 27088
16202 20259
16202 20555
16202 19893
1622 24070
1622 22416
1622 20163
1622 18824
1796 23144
1796 9227
1796 17824
1796 16312
1796 16582
1796 19567
1796 10669
1796 18824
1796 3860
1796 23609
1796 7759
1796 8782
1796 16583
1796 20259
1796 9096
1796 4143
1796 9466
1796 24416
1796 22416
19893 20259
19893 20555
13374 16672
13374 21150
13374 20259
13374 16402
13374 16583
13374 16813
13374 23144
13374 16202
13374 18824
13374 20163
13374 19893
13374 20555
13374 24416
13374 24070
13374 19640
341 24070
341 397
341 8807
341 22217
19640 20259
397 9227
397 17875
397 24070
397 18951
397 16277
397 26054
397 24416
397 3623
397 9466
397 1796
397 13092
397 7759
397 11976
397 22416
397 22908
397 8807
397 5908
397 21150
397 22217
397 18508
397 20259
397 27747
397 15377
397 15696
397 13985
397 16583
397 8782
397 19953
397 4520
397 3998
397 9800
397 17824
397 25198
397 5757
16402 20259
16402 16672
16402 19640
41 407
41 342
41 9096
41 24416
41 20725
342 5302
342 8782
342 5757
342 27747
342 19733
342 17824
342 14797
342 15696
342 407
342 25198
342 9466
342 24416
342 22908
342 9800
342 7485
342 24070
342 20725
342 9096
506 16583
506 9466
506 16630
506 20259
506 8183
506 13374
506 21150
506 15377
506 13971
3860 9466
3860 20259
3860 9096
4520 25198
4520 15696
4520 27747
4520 9466
4520 24416
4520 7485
4520 17875
7485 25198
7485 24416
7982 24070
7982 20259
7982 8013
7982 16672
7982 13374
7982 13364
8807 22217
8807 15377
8807 22416
8807 19953
8807 24070
8807 24416
8807 20259
8807 16277
8807 21150
9096 20725
9096 17824
9096 9466
9096 19567
9096 22908
9096 19733
9096 16583
9096 9227
9466 20163
9466 18508
9466 20259
9466 26054
9466 25198
9466 13971
9466 11976
9466 19733
9466 16630
9466 22908
9466 19567
9466 10669
9466 27747
9466 9800
9466 17824
9466 15377
9466 13374
9466 16583
9466 20759
9466 16312
9466 21150
9466 16582
9466 18824
13092 25469
13092 20259
13092 13374
13092 18627
13092 17966
13092 27088
13092 24070
13092 19182
13092 20759
13092 16583
13364 16813
13364 20259
13364 16402
13364 13374
13364 16672
14243 22416
14243 24070
14243 20759
14243 25469
14243 18824
15377 27868
15377 16630
15377 17824
15377 18951
15377 26738
15377 21150
15377 18508
15377 19953
15377 27747
15696 25198
15696 24416
15696 27747
16583 17824
16583 23144
16583 20163
16583 20259
16583 19567
16583 24416
16672 16813
16672 20259
17824 18824
17824 21150
17824 19567
17824 26054
17824 19733
17824 24416
19953 24070
19953 20259
19953 27747
20259 23609
20259 21150
20259 20555
20259 24070
20759 25469
20759 21474
22416 25469
22416 24070
24070 25198
24070 24416
24416 27747
24416 26054
24416 25198
407 7485
407 3860
407 7982
407 15696
407 15377
407 27747
407 24070
407 16583
407 20759
407 13364
407 19953
407 22416
407 17824
407 16672
407 8807
407 14243
407 4520
407 9096
407 20259
407 13092
407 506
407 24416
407 26054
407 9466
