k : 6
Overall running time: 0.096435s.
diameter : 5
max_attr : 17
min_attr : 15
attribute delta : 2
final attribute distribution : 
15 17 


ans.V.size: 38
26870 0
22026 0
4329 0
7886 0
3739 0
25714 0
13384 0
20368 1
20850 0
15544 1
18670 1
11810 1
1344 0
24029 0
23984 0
6240 0
2636 1
18565 0
21095 1
19820 0
2702 0
19549 1
11628 1
2665 0
11881 0
17264 0
21639 0
23891 0
24105 0
26555 0
2987 1
9324 1
15728 1
17658 1
19170 1
20668 1
24281 1
829 0

22026 26870
4329 19549
4329 20368
4329 7886
4329 15544
4329 11810
4329 18670
7886 19549
7886 20368
7886 15544
7886 18670
7886 11810
3739 20850
3739 19820
3739 25714
3739 26870
3739 13384
3739 22026
25714 26870
13384 25714
13384 19820
13384 26870
13384 20850
13384 22026
20850 25714
15544 19549
15544 20368
15544 18670
18670 19549
18670 20368
11810 19549
11810 20368
11810 15544
1344 17264
1344 6240
1344 2636
1344 24029
1344 23984
23984 24029
6240 17264
6240 24029
6240 19549
6240 23984
2636 17264
2636 6240
2636 24029
2636 23984
2636 19549
18565 20668
18565 19820
18565 21095
21095 24105
19820 20668
19820 20850
19820 24105
19820 25714
19820 26870
19820 21095
19820 22026
2702 20668
2702 20850
2702 25714
2702 21095
2702 11628
2702 3739
2702 19820
2702 26870
2702 22026
19549 20368
19549 24029
19549 23984
11628 20668
11628 20850
11628 24105
11628 25714
11628 21095
11628 18565
11628 13384
11628 22026
11628 19820
2665 20668
2665 2702
2665 24105
2665 21095
2665 18565
2665 11628
2665 25714
2665 26870
2665 19820
2665 13384
2665 22026
11881 23891
11881 26555
11881 19170
11881 15728
17264 19549
17264 26555
17264 24029
17264 19170
17264 23984
17264 24105
21639 24281
21639 24105
23891 26555
24105 26555
2987 24281
2987 9324
2987 24105
2987 17658
2987 21639
2987 20668
9324 24281
9324 21639
9324 17658
9324 24105
15728 23891
15728 26555
15728 17264
15728 19170
15728 24105
17658 24281
17658 24105
17658 20668
19170 23891
19170 26555
19170 24105
20668 24281
20668 21639
20668 21095
20668 24105
829 9324
829 24105
829 26555
829 17264
829 2987
829 24281
829 23891
829 21639
829 11881
829 19170
829 20668
829 15728
829 17658
