k : 19
Overall running time: 3.65359s.
diameter : 3
max_attr : 17
min_attr : 14
attribute delta : 3
final attribute distribution : 
15 16 16 14 15 17 


ans.V.size: 144
1908 4
1407 4
420 4
615 0
440 1
494 5
1639 0
361 0
652 1
607 3
546 2
920 4
684 1
1596 5
388 3
581 5
538 3
584 1
524 4
393 3
564 1
409 3
1205 1
1509 1
433 3
1849 5
539 5
1325 3
985 3
1304 5
1282 3
897 0
1274 5
504 2
1733 4
1310 4
1813 5
1829 2
1246 4
1278 2
676 2
1383 3
1167 5
1109 4
485 5
1583 2
403 5
516 5
521 1
461 1
1019 1
943 1
1516 3
600 2
660 0
354 4
367 2
543 4
364 1
1455 3
457 0
1021 4
1103 5
641 3
462 3
1067 2
1825 0
1752 0
1895 1
392 0
568 5
1496 4
498 4
1374 2
1894 0
501 1
375 0
1397 0
636 0
526 4
567 0
1015 1
1730 4
918 1
1100 1
1283 4
515 3
401 2
554 1
578 3
1821 0
1662 5
418 0
1262 0
628 0
1033 5
682 3
432 5
1872 2
1743 4
1784 1
1707 2
583 0
955 1
1787 5
663 5
671 1
108 5
633 0
525 1
518 2
528 5
662 3
349 1
508 0
644 1
659 5
601 0
616 1
579 1
596 5
379 3
415 3
429 1
437 0
493 3
507 5
514 0
545 3
371 2
374 4
377 2
396 2
413 2
424 2
439 4
466 2
476 4
484 2
560 1
562 1
592 0
670 5
605 5

1407 1787
1407 1821
1407 1895
1407 1752
1407 1894
1407 1872
1407 1743
1407 1496
1407 1733
1407 1730
1407 1825
420 560
420 514
420 485
420 493
420 432
420 528
420 562
420 504
420 538
420 518
420 526
420 539
420 568
420 457
420 429
420 424
420 476
420 484
615 684
615 670
440 457
440 515
440 462
440 562
440 545
440 476
440 466
440 507
440 568
440 567
440 554
440 528
440 564
440 526
440 521
440 508
440 518
440 501
440 514
494 515
494 498
494 560
494 562
494 504
494 539
494 518
494 501
494 538
494 567
494 526
1639 1825
1639 1787
1639 1784
1639 1872
1639 1743
1639 1821
1639 1894
1639 1662
361 388
361 562
361 545
361 429
361 371
361 396
361 507
361 377
361 439
361 413
361 568
361 515
361 554
361 525
361 524
361 498
361 521
361 508
361 462
361 418
361 514
361 543
361 374
361 403
361 461
607 670
546 562
546 560
546 567
546 554
546 564
920 1246
920 1304
920 1103
920 1262
920 943
920 1784
920 1067
920 1821
920 1033
920 1787
920 1021
920 1100
920 1825
920 1872
920 1752
920 1743
920 1583
920 1496
920 1730
920 1733
920 1278
920 1662
920 1397
920 1374
1596 1743
1596 1894
1596 1662
1596 1730
1596 1895
1596 1821
1596 1784
1596 1787
388 560
388 545
388 429
388 466
388 437
388 524
388 396
388 507
388 439
388 526
388 413
388 403
388 514
388 568
388 521
388 508
388 518
388 401
388 515
388 462
388 418
388 525
388 409
388 562
581 592
581 607
538 567
538 562
538 568
538 539
538 560
584 633
584 662
584 641
584 628
584 616
584 682
584 671
584 663
584 660
584 676
584 636
584 644
584 596
584 600
584 601
584 659
524 546
524 545
524 564
524 562
524 525
524 554
393 554
393 429
393 507
393 424
393 476
393 437
393 466
393 432
393 461
393 413
393 504
393 562
393 493
393 568
393 539
393 516
393 457
393 515
393 498
393 560
393 501
393 526
393 528
393 538
393 567
393 484
393 543
564 568
564 567
409 518
409 429
409 494
409 439
409 526
409 504
409 562
409 485
409 514
409 484
409 539
409 413
409 432
409 418
409 457
409 515
409 462
409 521
409 466
409 525
409 538
409 420
409 501
409 560
1205 1730
1205 1784
1205 1262
1205 1662
1205 1496
1205 1743
1205 1821
1205 1707
1205 1825
1205 1274
1205 1872
1205 1787
1205 1374
1205 1895
1205 1894
1205 1304
1205 1829
1205 1278
1205 1455
1205 1516
1205 1283
1509 1849
1509 1787
1509 1784
1509 1639
1509 1821
1509 1895
1509 1825
1509 1894
1509 1872
1509 1730
1509 1743
1509 1752
433 508
433 567
433 515
433 466
433 476
433 484
433 562
433 514
433 545
433 554
433 507
433 560
433 564
433 526
433 528
433 461
433 546
433 440
433 439
433 498
433 457
1849 1895
1849 1872
539 581
539 567
539 562
539 543
539 560
1325 1752
1325 1516
1325 1743
1325 1784
1325 1825
1325 1787
1325 1821
1325 1872
1325 1894
1325 1662
1325 1895
1325 1730
1325 1383
1325 1397
1325 1455
1325 1496
1325 1583
985 1743
985 1707
985 1662
985 1583
985 1021
985 1100
985 1274
985 1033
985 1103
985 1167
985 1283
985 1067
985 1821
985 1872
985 1205
985 1829
985 1894
985 1262
985 1784
985 1730
985 1015
985 1383
985 1895
985 1246
985 1787
985 1374
985 1397
985 1496
1304 1752
1304 1743
1304 1733
1304 1662
1304 1825
1304 1787
1304 1784
1304 1813
1304 1872
1304 1821
1304 1829
1304 1894
1304 1596
1304 1895
1304 1730
1304 1397
1304 1496
1304 1583
1282 1752
1282 1516
1282 1743
1282 1662
1282 1596
1282 1639
1282 1784
1282 1283
1282 1397
1282 1825
1282 1872
1282 1829
1282 1894
1282 1895
1282 1908
1282 1821
1282 1730
1282 1310
1282 1787
1282 1374
1282 1496
1282 1583
1282 1509
897 1397
897 1325
897 1283
897 1274
897 1262
897 1596
897 1662
897 1733
897 1496
897 1743
897 1033
897 1784
897 1639
897 1707
897 1825
897 955
897 1813
897 1872
897 1205
897 1787
897 1374
897 1015
897 1894
897 1304
897 1019
897 1455
897 1278
897 1109
897 1103
897 985
897 1752
897 1516
1274 1516
1274 1752
1274 1455
1274 1825
1274 1596
1274 1509
1274 1743
1274 1821
1274 1784
1274 1849
1274 1872
1274 1894
1274 1730
1274 1283
1274 1383
1274 1787
1274 1374
1274 1397
504 560
504 514
504 528
504 567
504 562
504 518
504 538
504 539
504 568
504 543
504 526
504 515
504 525
504 554
1733 1849
1733 1908
1733 1784
1733 1825
1733 1787
1733 1821
1733 1743
1733 1829
1733 1872
1733 1752
1310 1752
1310 1516
1310 1743
1310 1733
1310 1662
1310 1784
1310 1895
1310 1821
1310 1509
1310 1849
1310 1894
1310 1813
1310 1872
1310 1383
1310 1787
1310 1374
1310 1455
1310 1496
1310 1583
1813 1825
1813 1821
1813 1872
1813 1895
1813 1894
1829 1894
1829 1908
1829 1849
1829 1895
1829 1872
1246 1662
1246 1583
1246 1496
1246 1374
1246 1787
1246 1455
1246 1872
1246 1282
1246 1825
1246 1821
1246 1509
1246 1743
1246 1829
1246 1784
1246 1262
1246 1407
1246 1849
1246 1752
1246 1383
1246 1283
1246 1310
1246 1397
1278 1383
1278 1283
1278 1730
1278 1784
1278 1455
1278 1662
1278 1304
1278 1894
1278 1787
1278 1743
1278 1821
1278 1825
1278 1849
1278 1813
1278 1872
1278 1596
1278 1509
1278 1895
1278 1310
1278 1516
1278 1752
676 682
1383 1583
1383 1496
1383 1730
1383 1787
1383 1455
1383 1397
1383 1784
1383 1509
1383 1662
1383 1894
1383 1813
1383 1872
1383 1821
1383 1743
1383 1752
1383 1895
1167 1662
1167 1516
1167 1752
1167 1496
1167 1397
1167 1374
1167 1787
1167 1784
1167 1262
1167 1639
1167 1246
1167 1895
1167 1596
1167 1813
1167 1872
1167 1821
1167 1743
1167 1825
1167 1274
1167 1829
1167 1894
1167 1730
1167 1325
1167 1383
1167 1283
1109 1516
1109 1752
1109 1583
1109 1496
1109 1455
1109 1278
1109 1397
1109 1274
1109 1825
1109 1662
1109 1821
1109 1743
1109 1829
1109 1784
1109 1262
1109 1407
1109 1849
1109 1895
1109 1813
1109 1282
1109 1872
1109 1730
1109 1383
1109 1283
1109 1787
1109 1374
485 568
485 526
485 521
485 498
485 545
485 514
485 560
485 501
485 518
485 581
485 494
485 652
485 507
485 538
485 567
485 539
485 504
485 528
485 516
485 515
1583 1743
1583 1733
1583 1662
1583 1752
1583 1787
1583 1872
1583 1813
1583 1784
1583 1821
1583 1829
1583 1849
1583 1895
1583 1894
1583 1730
403 515
403 508
403 567
403 501
403 560
403 498
403 439
403 433
403 545
403 429
403 516
403 524
403 437
403 518
403 521
403 543
403 546
403 466
403 525
403 564
403 568
403 476
403 418
403 514
403 507
403 554
403 413
403 461
403 562
516 567
516 528
516 615
516 525
516 518
516 554
516 546
516 581
516 592
516 560
516 526
521 562
521 545
521 524
521 528
521 546
521 525
521 564
521 568
521 543
521 554
461 498
461 508
461 567
461 515
461 516
461 476
461 545
461 560
461 518
461 524
461 525
461 466
461 543
461 554
461 546
461 564
461 568
461 507
461 493
461 462
461 521
1019 1662
1019 1496
1019 1374
1019 1787
1019 1455
1019 1278
1019 1397
1019 1509
1019 1596
1019 1283
1019 1262
1019 1167
1019 1639
1019 1730
1019 1743
1019 1821
1019 1067
1019 1825
1019 1100
1019 1274
1019 1908
1019 1849
1019 1103
1019 1752
1019 1895
1019 1033
1019 1325
1019 1383
1019 1872
1019 1282
1019 1304
1019 1310
943 1374
943 1787
943 1730
943 1397
943 1310
943 1015
943 1407
943 1262
943 1205
943 1283
943 1167
943 1639
943 1109
943 1103
943 985
943 1516
943 1752
943 1849
943 1908
943 1455
943 1596
943 1509
943 1662
943 955
943 1100
943 1825
943 1707
943 1733
943 1784
943 1813
943 1872
943 1496
943 1743
943 1821
943 1067
943 1829
943 1021
943 1019
943 1033
943 1895
943 1246
943 1894
943 1304
943 1583
943 1325
1516 1849
1516 1583
1516 1787
1516 1596
1516 1662
1516 1894
1516 1825
1516 1707
1516 1733
1516 1639
1516 1784
1516 1730
1516 1743
1516 1821
1516 1829
1516 1872
600 659
600 601
600 633
600 662
600 641
600 682
600 663
600 660
600 676
600 636
600 671
600 644
600 616
600 628
660 662
660 682
660 663
660 676
660 671
354 515
354 501
354 560
354 498
354 433
354 374
354 420
354 538
354 409
354 401
354 392
354 545
354 429
354 516
354 494
354 581
354 518
354 521
354 525
354 539
354 568
354 567
354 364
354 652
354 371
354 607
354 493
354 377
354 562
354 504
354 514
354 367
354 485
354 543
354 484
354 476
354 418
354 413
354 432
354 461
367 554
367 377
367 525
367 521
367 403
367 515
367 498
367 439
367 375
367 493
367 545
367 429
367 516
367 567
367 485
367 494
367 581
367 504
367 401
367 518
367 409
367 539
367 607
367 392
367 652
367 543
367 484
367 476
367 418
367 437
367 379
367 514
367 396
367 374
367 432
367 461
367 560
367 413
543 562
543 568
543 684
543 581
543 554
543 592
543 560
543 607
364 515
364 508
364 567
364 501
364 560
364 498
364 485
364 367
364 462
364 403
364 433
364 374
364 476
364 418
364 592
364 415
364 484
364 543
364 518
364 525
364 528
364 539
364 516
364 545
364 581
364 652
364 507
364 437
364 379
364 371
364 607
364 554
364 377
364 670
364 375
364 493
364 562
364 526
364 413
1455 1516
1455 1752
1455 1496
1455 1730
1455 1787
1455 1662
1455 1894
1455 1825
1455 1707
1455 1733
1455 1784
1455 1813
1455 1872
1455 1821
1455 1743
1455 1829
1455 1895
457 498
457 494
457 526
457 504
457 562
457 524
457 518
457 560
457 521
457 539
457 568
457 546
457 466
457 525
457 564
457 528
457 567
457 507
457 538
457 554
457 461
457 514
457 485
1021 1374
1021 1787
1021 1730
1021 1455
1021 1278
1021 1397
1021 1310
1021 1283
1021 1167
1021 1109
1021 1784
1021 1262
1021 1662
1021 1894
1021 1733
1021 1849
1021 1813
1021 1872
1021 1067
1021 1821
1021 1496
1021 1509
1021 1743
1021 1825
1021 1100
1021 1829
1021 1033
1021 1895
1021 1246
1021 1274
1021 1583
1021 1325
1021 1383
1021 1103
1021 1752
1103 1374
1103 1787
1103 1730
1103 1397
1103 1310
1103 1283
1103 1167
1103 1109
1103 1383
1103 1325
1103 1455
1103 1662
1103 1733
1103 1849
1103 1784
1103 1262
1103 1813
1103 1872
1103 1821
1103 1496
1103 1509
1103 1743
1103 1752
1103 1894
1103 1304
1103 1246
1103 1895
1103 1274
1103 1583
641 662
641 659
641 682
641 663
641 660
641 676
641 671
641 644
462 670
462 493
462 526
462 562
462 514
462 507
462 684
462 484
462 543
462 524
462 466
462 525
462 518
462 508
462 521
462 528
462 568
462 476
462 592
462 560
462 545
462 607
462 554
462 498
1067 1374
1067 1787
1067 1730
1067 1397
1067 1310
1067 1278
1067 1455
1067 1205
1067 1283
1067 1167
1067 1639
1067 1109
1067 1103
1067 1516
1067 1383
1067 1325
1067 1662
1067 1733
1067 1496
1067 1583
1067 1509
1067 1596
1067 1743
1067 1821
1067 1849
1067 1908
1067 1825
1067 1100
1067 1829
1067 1784
1067 1407
1067 1262
1067 1813
1067 1282
1067 1872
1067 1895
1067 1246
1067 1894
1067 1304
1825 1894
1825 1895
1825 1849
1825 1872
1752 1894
1752 1895
1752 1849
1752 1784
1752 1787
1752 1821
1752 1825
1752 1829
1752 1813
1752 1872
1895 1908
392 498
392 439
392 515
392 457
392 516
392 670
392 493
392 413
392 526
392 562
392 514
392 461
392 432
392 564
392 528
392 567
392 484
392 485
392 494
392 581
392 504
392 401
392 518
392 568
392 525
392 466
392 615
392 476
392 418
392 424
392 554
392 592
392 415
392 560
392 501
392 507
392 429
392 545
568 581
568 652
568 684
568 592
1496 1787
1496 1516
1496 1752
1496 1908
1496 1821
1496 1596
1496 1509
1496 1662
1496 1825
1496 1707
1496 1733
1496 1784
1496 1730
1496 1813
1496 1872
1496 1895
1496 1894
498 516
498 538
498 526
498 562
498 560
498 501
498 514
498 504
498 546
498 518
498 524
498 525
498 508
498 567
498 528
498 539
498 568
498 543
498 507
498 545
498 521
1374 1455
1374 1397
1374 1639
1374 1516
1374 1383
1374 1662
1374 1894
1374 1707
1374 1825
1374 1787
1374 1496
1374 1583
1374 1509
1374 1730
1374 1743
1374 1821
1374 1908
1374 1829
1374 1784
1374 1813
1374 1872
1374 1895
1894 1895
501 525
501 521
501 515
501 508
501 567
501 526
501 514
501 528
501 581
501 504
501 518
501 564
501 538
501 539
501 652
501 684
501 507
501 543
501 615
501 554
501 592
375 457
375 516
375 440
375 433
375 392
375 526
375 670
375 493
375 562
375 545
375 514
375 461
375 432
375 418
375 476
375 484
375 518
375 524
375 508
375 567
375 515
375 528
375 379
375 615
375 546
375 466
375 525
375 564
375 568
375 554
375 377
375 592
375 415
375 560
375 501
375 684
375 507
375 498
375 439
375 413
375 403
375 521
375 462
1397 1849
1397 1787
1397 1639
1397 1516
1397 1752
1397 1583
1397 1455
1397 1596
1397 1509
1397 1662
1397 1733
1397 1821
1397 1730
1397 1496
1397 1743
1397 1825
1397 1829
1397 1784
1397 1813
1397 1872
1397 1895
1397 1894
636 662
636 641
636 682
636 663
636 660
636 676
636 671
636 644
636 659
526 567
526 562
526 560
526 546
526 528
526 539
526 568
526 538
526 564
526 543
526 545
567 568
567 581
567 652
567 592
1015 1496
1015 1397
1015 1325
1015 1407
1015 1283
1015 1274
1015 1262
1015 1109
1015 1019
1015 1455
1015 1278
1015 1100
1015 1662
1015 1304
1015 1894
1015 1825
1015 1707
1015 1733
1015 1908
1015 1849
1015 1374
1015 1787
1015 1033
1015 1784
1015 1730
1015 1743
1015 1821
1015 1067
1015 1205
1015 1246
1015 1895
1015 1596
1015 1509
1015 1639
1015 1167
1015 1516
1015 1103
1015 1752
1015 1813
1015 1872
1015 1282
1015 1021
1015 1829
1015 1310
1015 1583
1015 1383
1730 1787
1730 1752
1730 1784
1730 1733
1730 1825
1730 1743
1730 1821
1730 1849
1730 1908
1730 1829
1730 1895
1730 1813
1730 1872
1730 1894
918 1730
918 1310
918 1015
918 1278
918 1455
918 1205
918 1283
918 1167
918 1109
918 1103
918 985
918 1516
918 1752
918 1849
918 1908
918 1325
918 1583
918 920
918 1274
918 1033
918 1397
918 1407
918 1784
918 943
918 1262
918 1596
918 1662
918 1019
918 955
918 1100
918 1825
918 1707
918 1733
918 1743
918 1821
918 1067
918 1787
918 1374
918 1829
918 1383
918 1021
918 1813
918 1282
918 1872
918 1895
918 1246
918 1894
918 1304
1100 1374
1100 1787
1100 1730
1100 1310
1100 1278
1100 1455
1100 1274
1100 1205
1100 1283
1100 1167
1100 1639
1100 1109
1100 1103
1100 1516
1100 1752
1100 1849
1100 1908
1100 1407
1100 1784
1100 1262
1100 1596
1100 1509
1100 1662
1100 1733
1100 1397
1100 1813
1100 1872
1100 1496
1100 1743
1100 1821
1100 1825
1100 1829
1100 1895
1100 1246
1100 1894
1100 1304
1100 1583
1100 1325
1100 1383
1283 1374
1283 1787
1283 1310
1283 1383
1283 1455
1283 1639
1283 1516
1283 1752
1283 1325
1283 1583
1283 1397
1283 1407
1283 1784
1283 1596
1283 1509
1283 1662
1283 1733
1283 1496
1283 1730
1283 1743
1283 1821
1283 1825
1283 1829
1283 1895
1283 1894
1283 1304
1283 1813
1283 1872
515 670
515 538
515 526
515 562
515 521
515 581
515 518
515 525
515 567
515 528
515 539
515 560
515 615
515 684
515 545
401 498
401 439
401 515
401 457
401 516
401 462
401 433
401 413
401 526
401 670
401 493
401 562
401 514
401 432
401 545
401 429
401 507
401 684
401 485
401 543
401 652
401 420
401 538
401 567
401 494
401 581
401 504
401 518
401 409
401 539
401 568
401 607
401 525
401 466
401 437
401 615
401 476
401 418
401 554
401 592
401 415
401 560
401 501
554 670
554 562
554 684
554 567
554 615
554 568
554 592
554 560
578 633
578 662
578 641
578 583
578 628
578 616
578 682
578 663
578 660
578 676
578 636
578 584
578 671
578 579
578 644
578 596
578 600
578 601
578 659
1821 1849
1821 1908
1821 1825
1821 1829
1821 1872
1821 1895
1821 1894
1662 1787
1662 1752
1662 1825
1662 1707
1662 1733
1662 1730
1662 1743
1662 1821
1662 1849
1662 1908
1662 1829
1662 1784
1662 1813
1662 1872
1662 1895
1662 1894
418 493
418 538
418 562
418 560
418 501
418 514
418 432
418 462
418 521
418 504
418 518
418 524
418 508
418 567
418 515
418 528
418 461
418 539
418 568
418 494
418 546
418 457
418 516
418 429
418 545
418 466
418 525
418 554
418 543
418 484
418 476
418 507
418 498
418 439
1262 1374
1262 1787
1262 1730
1262 1310
1262 1278
1262 1455
1262 1849
1262 1908
1262 1383
1262 1283
1262 1639
1262 1516
1262 1752
1262 1325
1262 1397
1262 1407
1262 1784
1262 1596
1262 1509
1262 1662
1262 1894
1262 1733
1262 1496
1262 1743
1262 1821
1262 1825
1262 1829
1262 1813
1262 1282
1262 1872
1262 1895
1262 1583
1262 1274
628 641
628 633
628 662
628 659
628 682
628 663
628 660
628 676
628 636
628 671
628 644
1033 1730
1033 1310
1033 1278
1033 1455
1033 1205
1033 1283
1033 1167
1033 1639
1033 1109
1033 1103
1033 1516
1033 1752
1033 1849
1033 1908
1033 1325
1033 1383
1033 1583
1033 1397
1033 1596
1033 1662
1033 1100
1033 1274
1033 1825
1033 1707
1033 1733
1033 1407
1033 1784
1033 1262
1033 1496
1033 1743
1033 1821
1033 1067
1033 1829
1033 1787
1033 1374
1033 1813
1033 1282
1033 1872
1033 1895
1033 1246
1033 1894
1033 1304
432 670
432 493
432 526
432 562
432 514
432 507
432 684
432 484
432 433
432 439
432 498
432 504
432 518
432 508
432 567
432 515
432 516
432 457
432 528
432 539
432 494
432 546
432 564
432 652
432 538
432 466
432 437
432 615
432 476
432 560
432 501
432 485
432 607
1872 1908
1872 1895
1872 1894
1743 1787
1743 1752
1743 1825
1743 1784
1743 1849
1743 1908
1743 1821
1743 1829
1743 1813
1743 1872
1743 1895
1743 1894
1784 1787
1784 1825
1784 1849
1784 1908
1784 1821
1784 1829
1784 1872
1784 1813
1784 1895
1784 1894
1707 1872
1707 1743
1707 1894
1707 1730
1707 1784
1707 1787
583 633
583 662
583 641
583 628
583 616
583 601
583 659
583 682
583 663
583 660
583 676
583 636
583 584
583 671
583 644
583 596
583 600
955 1516
955 985
955 1103
955 1752
955 1496
955 1397
955 1374
955 1787
955 1278
955 1283
955 1167
955 1033
955 1596
955 1246
955 1662
955 1304
955 1894
955 1019
955 1274
955 1825
955 1707
955 1733
955 1784
955 1067
955 1821
955 1730
955 1743
955 1021
955 1813
955 1282
955 1872
955 1015
955 1325
955 1383
955 1109
1787 1829
1787 1825
1787 1821
1787 1908
1787 1849
1787 1813
1787 1872
1787 1894
1787 1895
663 682
663 676
663 671
671 682
671 676
108 1397
108 1894
108 1304
108 1829
108 1283
108 1821
108 1784
108 1743
108 1262
108 1374
108 1787
108 1109
108 1509
108 918
108 1274
108 920
108 1455
108 1278
108 1021
108 1019
108 1733
108 1730
108 1383
108 1325
108 1707
108 1825
108 1100
108 955
108 1407
108 943
108 1872
108 1282
108 1813
108 1639
108 1167
108 1583
108 1496
108 1246
108 1895
108 1849
108 1908
108 1067
108 1033
108 1662
108 1205
108 1310
108 484
108 897
108 1015
108 1596
108 1516
108 1752
108 1103
108 985
633 659
633 641
633 663
633 662
633 676
633 660
633 671
633 636
633 644
525 526
525 562
525 684
525 543
525 554
525 545
525 567
525 528
525 615
525 568
525 652
525 592
525 560
525 607
518 526
518 562
518 560
518 521
518 545
518 546
518 652
518 538
518 539
518 581
518 607
518 567
518 528
518 554
518 525
528 560
528 543
528 562
528 539
528 568
528 554
662 682
662 663
662 676
662 671
349 564
349 437
349 424
349 501
349 374
349 560
349 433
349 415
349 429
349 371
349 498
349 439
349 554
349 484
349 543
349 396
349 514
349 568
349 392
349 375
349 493
349 354
349 413
349 562
349 361
349 420
349 538
349 507
349 393
349 364
349 485
349 476
349 379
349 466
349 525
349 403
349 462
349 521
349 409
349 545
349 418
349 432
349 508
349 567
349 440
349 457
349 516
349 461
349 367
349 494
349 377
349 504
349 388
349 515
349 518
349 524
349 526
349 401
349 528
349 539
349 546
508 521
508 516
508 545
508 524
508 518
508 546
508 525
508 564
508 515
508 567
508 554
508 514
508 560
508 562
508 526
644 662
644 682
644 663
644 660
644 676
644 671
644 659
659 662
659 682
659 663
659 660
659 676
659 671
601 633
601 662
601 641
601 628
601 616
601 682
601 663
601 660
601 659
601 676
601 636
601 671
601 644
616 633
616 662
616 641
616 628
616 659
616 682
616 663
616 660
616 676
616 636
616 671
616 644
579 644
579 633
579 662
579 641
579 583
579 628
579 616
579 682
579 663
579 660
579 676
579 636
579 584
579 671
579 596
579 600
579 659
579 601
596 660
596 659
596 601
596 641
596 682
596 663
596 662
596 676
596 636
596 671
596 644
596 616
596 628
379 507
379 501
379 560
379 498
379 514
379 485
379 484
379 543
379 515
379 457
379 516
379 466
379 525
379 437
379 424
379 476
379 418
379 518
379 605
379 592
379 415
379 545
379 429
379 562
379 564
379 528
379 615
379 567
379 581
379 652
379 392
379 401
379 462
379 554
379 670
379 493
379 413
379 432
415 662
415 652
415 525
415 659
415 600
415 554
415 493
415 670
415 543
415 484
415 432
415 607
415 429
415 516
415 605
415 684
415 507
415 515
415 682
415 641
415 514
415 466
415 584
415 676
415 560
415 671
415 439
415 616
415 633
415 615
415 501
415 628
415 476
415 644
415 462
415 578
415 424
415 601
415 660
415 545
415 663
415 562
415 564
415 437
415 567
415 568
415 579
415 581
415 583
415 592
415 596
415 636
429 457
429 516
429 439
429 498
429 462
429 521
429 433
429 605
429 546
429 607
429 461
429 432
429 554
429 466
429 525
429 652
429 508
429 507
429 684
429 568
429 515
429 518
429 524
429 437
429 543
429 545
429 562
429 564
429 560
429 501
429 670
429 493
429 476
429 592
429 485
429 514
429 526
429 615
437 508
437 567
437 507
437 684
437 498
437 439
437 514
437 485
437 484
437 543
437 476
437 462
437 560
437 592
437 526
437 581
437 518
437 605
437 524
437 528
437 562
437 564
437 652
437 466
437 525
437 607
437 554
437 670
437 493
493 504
493 501
493 560
493 498
493 538
493 670
493 605
493 507
493 652
493 514
493 518
493 525
493 539
493 568
493 545
493 516
493 562
493 515
493 567
493 581
493 543
493 615
493 592
493 607
493 554
507 538
507 526
507 605
507 546
507 521
507 560
507 518
507 524
507 508
507 567
507 515
507 528
507 545
507 562
507 564
507 525
507 592
507 514
507 607
507 554
514 607
514 581
514 568
514 592
514 521
514 605
514 684
514 526
514 543
514 670
514 538
514 554
514 615
514 525
514 652
514 516
514 560
514 567
514 515
514 518
514 524
514 528
514 545
514 562
514 564
545 670
545 684
545 567
545 560
545 562
545 564
545 581
545 554
545 605
545 546
371 484
371 543
371 457
371 516
371 440
371 439
371 498
371 429
371 424
371 476
371 418
371 415
371 592
371 413
371 605
371 526
371 462
371 403
371 521
371 396
371 524
371 379
371 437
371 507
371 684
371 568
371 393
371 515
371 528
371 545
371 567
371 508
371 560
371 562
371 388
371 564
371 466
371 525
371 432
371 461
371 433
371 374
371 554
371 377
371 670
371 493
371 375
374 581
374 568
374 393
374 514
374 396
374 493
374 375
374 439
374 546
374 605
374 521
374 462
374 403
374 607
374 498
374 684
374 507
374 424
374 457
374 516
374 429
374 526
374 413
374 415
374 592
374 409
374 432
374 461
374 377
374 554
374 379
374 615
374 392
374 466
374 525
374 652
374 476
374 484
374 670
374 543
374 501
374 560
374 508
374 567
374 440
374 388
374 515
374 518
374 524
374 401
374 528
374 418
374 545
374 562
374 564
374 437
377 581
377 568
377 564
377 437
377 392
377 379
377 493
377 521
377 403
377 462
377 432
377 461
377 607
377 498
377 439
377 546
377 605
377 684
377 507
377 424
377 457
377 516
377 429
377 526
377 615
377 420
377 413
377 415
377 592
377 396
377 514
377 466
377 525
377 652
377 476
377 484
377 670
377 543
377 501
377 433
377 560
377 508
377 567
377 440
377 388
377 515
377 518
377 524
377 401
377 528
377 539
377 418
377 545
377 554
377 562
396 514
396 508
396 498
396 439
396 484
396 543
396 462
396 403
396 521
396 457
396 516
396 466
396 525
396 437
396 424
396 507
396 684
396 420
396 538
396 418
396 518
396 515
396 528
396 615
396 539
396 568
396 560
396 545
396 429
396 562
396 524
396 415
396 592
396 670
396 409
396 401
396 605
396 546
396 526
396 432
396 461
396 554
396 413
413 457
413 516
413 439
413 424
413 418
413 415
413 592
413 605
413 429
413 461
413 432
413 462
413 521
413 433
413 538
413 437
413 615
413 518
413 524
413 525
413 507
413 684
413 539
413 568
413 508
413 567
413 528
413 545
413 562
413 504
413 581
413 494
413 560
413 501
413 543
413 484
413 485
413 514
413 670
413 493
413 526
424 525
424 466
424 504
424 501
424 560
424 498
424 514
424 485
424 476
424 462
424 457
424 518
424 605
424 652
424 538
424 507
424 684
424 539
424 568
424 528
424 526
424 562
424 592
424 615
424 437
424 524
424 429
424 607
424 554
424 670
424 493
424 432
439 484
439 457
439 476
439 605
439 461
439 462
439 521
439 493
439 670
439 554
439 504
439 562
439 652
439 507
439 684
439 508
439 567
439 515
439 518
439 564
439 524
439 615
439 560
439 501
439 498
439 514
439 526
439 494
439 466
439 525
439 592
439 607
466 485
466 484
466 543
466 516
466 476
466 605
466 504
466 562
466 507
466 684
466 539
466 568
466 508
466 567
466 538
466 518
466 525
466 545
466 581
466 494
466 560
466 501
466 670
466 526
466 615
466 592
466 514
476 485
476 484
476 543
476 493
476 605
476 546
476 498
476 554
476 514
476 518
476 524
476 515
476 528
476 545
476 516
476 562
476 564
476 568
476 581
476 652
476 507
476 567
476 508
476 560
476 501
476 526
476 525
476 592
476 607
484 652
484 525
484 1033
484 581
484 568
484 564
484 1707
484 562
484 943
484 545
484 897
484 516
484 1278
484 543
484 670
484 1813
484 539
484 920
484 528
484 518
484 1407
484 515
484 567
484 1583
484 508
484 1397
484 507
484 1015
484 504
484 560
484 501
484 615
484 592
484 1100
484 1304
484 514
484 1784
484 485
484 1374
484 1246
484 538
484 1021
484 1109
484 1167
484 1639
484 985
484 1752
484 1103
484 1310
484 1894
484 1205
484 1872
484 955
484 1274
484 1825
484 1019
484 1908
484 1849
484 1821
484 1743
484 918
484 1730
484 1516
484 1262
484 554
484 1787
484 1596
484 1733
484 1325
484 1662
484 521
484 1283
484 607
484 1496
484 493
484 1509
484 1282
484 526
484 605
484 1829
484 1067
484 1455
484 1895
484 498
484 494
484 1383
560 581
560 568
560 562
560 607
560 605
560 670
560 684
560 615
560 592
560 652
560 567
562 581
562 568
562 607
562 605
562 670
562 684
562 592
562 652
562 567
592 607
592 652
592 684
592 670
592 605
605 670
