k : 16
Overall running time: 1.35776s.
diameter : 3
max_attr : 17
min_attr : 11
attribute delta : 6
final attribute distribution : 
16 12 16 14 17 11 


ans.V.size: 131
1509 2
1304 4
1274 3
1325 4
607 3
1733 3
546 1
1849 0
1205 2
1282 1
897 1
1246 0
918 2
462 0
1310 3
1278 4
1829 3
433 2
592 2
1109 4
1583 3
1813 3
1383 3
1167 2
1019 2
521 2
985 2
1516 2
955 4
461 3
403 0
424 0
543 4
1455 3
528 0
527 3
415 5
1103 1
1752 4
435 5
516 4
485 2
1021 4
1825 0
1895 2
1496 2
652 1
638 1
1397 5
1374 1
457 1
1894 4
1067 5
483 0
437 2
1100 4
418 1
367 0
538 0
515 2
1730 2
508 1
1262 4
1283 4
1639 1
1662 5
1821 4
554 0
545 0
1784 3
375 4
371 5
524 3
1743 1
1033 2
943 5
1908 3
108 2
396 3
1787 3
439 0
1015 2
1872 0
525 1
581 5
388 0
440 3
498 1
507 3
369 5
567 2
453 3
429 3
472 5
1707 2
374 4
562 3
564 2
518 5
670 4
1105 3
399 0
349 3
364 2
377 1
379 1
392 1
354 5
389 5
393 2
401 0
405 1
409 0
410 5
413 5
420 2
432 1
445 2
466 3
484 1
476 4
493 5
494 5
501 3
504 1
514 3
526 2
539 4
557 3
560 3
488 2

1509 1849
1509 1787
1509 1784
1509 1639
1509 1821
1509 1895
1509 1825
1509 1894
1509 1872
1509 1730
1509 1743
1509 1752
1304 1752
1304 1733
1304 1662
1304 1784
1304 1825
1304 1787
1304 1821
1304 1829
1304 1894
1304 1895
1304 1730
1304 1813
1304 1872
1304 1743
1304 1397
1304 1496
1304 1583
1274 1455
1274 1397
1274 1374
1274 1787
1274 1509
1274 1743
1274 1821
1274 1825
1274 1784
1274 1849
1274 1872
1274 1894
1274 1516
1274 1752
1274 1730
1274 1283
1274 1383
1325 1752
1325 1516
1325 1743
1325 1784
1325 1825
1325 1787
1325 1821
1325 1872
1325 1894
1325 1662
1325 1895
1325 1730
1325 1383
1325 1397
1325 1455
1325 1496
1325 1583
607 670
1733 1752
1733 1784
1733 1849
1733 1908
1733 1821
1733 1825
1733 1787
1733 1743
1733 1829
1733 1872
546 567
546 560
546 562
546 564
546 554
1849 1895
1849 1872
1205 1730
1205 1784
1205 1262
1205 1662
1205 1496
1205 1743
1205 1821
1205 1707
1205 1825
1205 1274
1205 1872
1205 1787
1205 1374
1205 1895
1205 1894
1205 1304
1205 1829
1205 1278
1205 1455
1205 1516
1205 1283
1282 1752
1282 1516
1282 1743
1282 1662
1282 1283
1282 1639
1282 1784
1282 1821
1282 1908
1282 1825
1282 1872
1282 1829
1282 1894
1282 1895
1282 1730
1282 1310
1282 1397
1282 1787
1282 1374
1282 1496
1282 1583
1282 1509
897 1325
897 1283
897 1274
897 1262
897 1397
897 1662
897 1733
897 1639
897 1784
897 1496
897 1743
897 1033
897 1707
897 1825
897 955
897 1813
897 1105
897 1872
897 1205
897 1787
897 1374
897 1015
897 1894
897 1304
897 1455
897 1278
897 1019
897 1516
897 985
897 1752
897 1103
897 1109
1246 1662
1246 1583
1246 1496
1246 1872
1246 1282
1246 1825
1246 1374
1246 1787
1246 1821
1246 1509
1246 1743
1246 1829
1246 1784
1246 1262
1246 1849
1246 1752
1246 1383
1246 1283
1246 1310
1246 1397
1246 1455
918 1283
918 1325
918 1397
918 1662
918 1784
918 1262
918 1019
918 1455
918 1278
918 1033
918 1383
918 1733
918 1908
918 1849
918 1374
918 1787
918 943
918 1730
918 1743
918 1821
918 1067
918 1282
918 1813
918 1872
918 1205
918 1304
918 1894
918 1167
918 1109
918 1516
918 1752
918 1103
918 985
918 1895
918 1246
918 1829
918 1583
918 1274
918 1100
918 955
918 1015
918 1310
918 1021
918 1825
918 1707
462 472
462 514
462 493
462 670
462 507
462 518
462 508
462 521
462 524
462 476
462 554
462 466
462 525
462 528
462 545
462 543
462 484
462 562
462 498
462 526
462 560
462 592
462 607
1310 1752
1310 1516
1310 1743
1310 1733
1310 1662
1310 1784
1310 1895
1310 1821
1310 1509
1310 1849
1310 1894
1310 1813
1310 1872
1310 1383
1310 1787
1310 1374
1310 1455
1310 1496
1310 1583
1278 1383
1278 1283
1278 1784
1278 1455
1278 1662
1278 1787
1278 1743
1278 1821
1278 1825
1278 1849
1278 1813
1278 1872
1278 1895
1278 1509
1278 1310
1278 1516
1278 1752
1278 1730
1278 1894
1278 1304
1829 1894
1829 1908
1829 1849
1829 1895
1829 1872
433 483
433 472
433 457
433 453
433 440
433 514
433 439
433 498
433 476
433 508
433 567
433 515
433 528
433 545
433 507
433 546
433 562
433 564
433 554
433 484
433 445
433 461
433 466
433 526
433 560
592 638
592 652
592 670
592 607
1109 1516
1109 1752
1109 1496
1109 1455
1109 1278
1109 1397
1109 1274
1109 1825
1109 1374
1109 1787
1109 1662
1109 1821
1109 1743
1109 1829
1109 1784
1109 1262
1109 1849
1109 1895
1109 1813
1109 1282
1109 1872
1109 1730
1109 1583
1109 1383
1109 1283
1583 1733
1583 1662
1583 1752
1583 1787
1583 1872
1583 1813
1583 1784
1583 1821
1583 1743
1583 1829
1583 1849
1583 1895
1583 1894
1583 1730
1813 1825
1813 1821
1813 1895
1813 1872
1813 1894
1383 1583
1383 1496
1383 1730
1383 1787
1383 1455
1383 1397
1383 1784
1383 1509
1383 1662
1383 1894
1383 1813
1383 1872
1383 1821
1383 1743
1383 1752
1383 1895
1167 1662
1167 1516
1167 1752
1167 1496
1167 1397
1167 1374
1167 1787
1167 1825
1167 1274
1167 1246
1167 1895
1167 1784
1167 1262
1167 1639
1167 1821
1167 1743
1167 1829
1167 1894
1167 1730
1167 1325
1167 1383
1167 1813
1167 1872
1167 1283
1019 1496
1019 1374
1019 1787
1019 1455
1019 1278
1019 1397
1019 1283
1019 1509
1019 1662
1019 1067
1019 1821
1019 1730
1019 1743
1019 1825
1019 1100
1019 1274
1019 1908
1019 1849
1019 1103
1019 1752
1019 1895
1019 1033
1019 1262
1019 1167
1019 1639
1019 1325
1019 1383
1019 1872
1019 1282
1019 1304
1019 1310
521 545
521 524
521 528
521 546
521 562
521 525
521 564
521 554
521 543
985 1583
985 1496
985 1283
985 1397
985 1033
985 1784
985 1262
985 1662
985 1894
985 1707
985 1067
985 1821
985 1730
985 1743
985 1872
985 1205
985 1829
985 1100
985 1274
985 1021
985 1015
985 1383
985 1103
985 1167
985 1895
985 1246
985 1787
985 1374
1516 1829
1516 1821
1516 1743
1516 1733
1516 1730
1516 1825
1516 1707
1516 1662
1516 1872
1516 1784
1516 1787
1516 1894
1516 1583
1516 1639
1516 1849
955 1374
955 1787
955 1278
955 1283
955 1167
955 1109
955 1105
955 1282
955 1813
955 1872
955 1662
955 1397
955 1246
955 1894
955 1304
955 1019
955 1274
955 1825
955 1707
955 1733
955 1784
955 1496
955 1730
955 1743
955 1821
955 1067
955 1033
955 1021
955 1015
955 1325
955 1383
955 1103
955 985
955 1752
955 1516
461 507
461 498
461 516
461 462
461 521
461 476
461 560
461 515
461 518
461 524
461 525
461 466
461 543
461 545
461 554
461 546
461 564
461 508
461 567
461 483
461 493
403 508
403 567
403 507
403 498
403 439
403 433
403 461
403 429
403 476
403 418
403 515
403 516
403 545
403 518
403 501
403 560
403 521
403 524
403 437
403 543
403 546
403 562
403 564
403 514
403 483
403 445
403 413
403 494
403 466
403 525
403 554
424 498
424 557
424 462
424 457
424 514
424 429
424 607
424 592
424 638
424 493
424 670
424 554
424 507
424 652
424 538
424 518
424 524
424 525
424 466
424 437
424 476
424 528
424 562
424 504
424 432
424 485
424 526
424 539
424 560
424 501
543 607
543 592
543 557
543 562
543 581
543 554
543 560
1455 1496
1455 1730
1455 1787
1455 1516
1455 1752
1455 1662
1455 1894
1455 1825
1455 1707
1455 1733
1455 1784
1455 1813
1455 1872
1455 1743
1455 1821
1455 1829
1455 1895
528 562
528 543
528 554
528 539
528 560
527 562
527 560
527 567
527 539
415 652
415 592
415 581
415 638
415 567
415 564
415 437
415 562
415 435
415 545
415 516
415 462
415 607
415 429
415 514
415 557
415 439
415 525
415 466
415 507
415 424
415 515
415 560
415 501
415 432
415 493
415 670
415 554
415 484
415 543
415 476
1103 1374
1103 1787
1103 1730
1103 1397
1103 1310
1103 1283
1103 1167
1103 1109
1103 1383
1103 1325
1103 1455
1103 1662
1103 1733
1103 1849
1103 1784
1103 1262
1103 1813
1103 1872
1103 1821
1103 1496
1103 1509
1103 1743
1103 1274
1103 1752
1103 1894
1103 1304
1103 1246
1103 1895
1103 1583
1752 1894
1752 1895
1752 1849
1752 1784
1752 1787
1752 1821
1752 1825
1752 1829
1752 1813
1752 1872
435 560
435 493
435 476
435 592
435 567
435 518
435 507
435 498
435 581
435 516
435 437
516 592
516 560
516 526
516 518
516 567
516 528
516 546
516 581
516 525
516 554
516 638
485 652
485 638
485 607
485 581
485 567
485 545
485 528
485 518
485 515
485 504
485 526
485 539
485 514
485 501
485 560
485 516
485 494
485 521
485 527
485 498
485 538
485 507
1021 1374
1021 1787
1021 1730
1021 1310
1021 1278
1021 1455
1021 1283
1021 1167
1021 1109
1021 1105
1021 1813
1021 1872
1021 1784
1021 1262
1021 1397
1021 1662
1021 1894
1021 1733
1021 1849
1021 1067
1021 1821
1021 1496
1021 1509
1021 1743
1021 1383
1021 1325
1021 1825
1021 1100
1021 1274
1021 1829
1021 1033
1021 1895
1021 1246
1021 1583
1021 1103
1021 1752
1825 1894
1825 1895
1825 1849
1825 1872
1895 1908
1496 1821
1496 1784
1496 1733
1496 1730
1496 1825
1496 1707
1496 1662
1496 1509
1496 1908
1496 1872
1496 1813
1496 1787
1496 1894
1496 1895
1496 1752
1496 1516
638 670
1397 1849
1397 1787
1397 1639
1397 1516
1397 1752
1397 1784
1397 1455
1397 1662
1397 1733
1397 1821
1397 1730
1397 1496
1397 1509
1397 1743
1397 1825
1397 1829
1397 1813
1397 1872
1397 1895
1397 1894
1397 1583
1374 1639
1374 1813
1374 1872
1374 1516
1374 1455
1374 1397
1374 1662
1374 1894
1374 1707
1374 1825
1374 1787
1374 1496
1374 1509
1374 1730
1374 1743
1374 1821
1374 1908
1374 1829
1374 1383
1374 1784
1374 1895
1374 1583
457 514
457 560
457 539
457 546
457 504
457 494
457 526
457 461
457 507
457 498
457 518
457 521
457 485
457 524
457 562
457 538
457 567
457 564
457 528
457 466
457 525
457 554
1894 1895
1067 1730
1067 1310
1067 1278
1067 1455
1067 1205
1067 1283
1067 1167
1067 1639
1067 1109
1067 1103
1067 1516
1067 1325
1067 1583
1067 1397
1067 1662
1067 1733
1067 1496
1067 1509
1067 1743
1067 1821
1067 1849
1067 1908
1067 1383
1067 1825
1067 1100
1067 1829
1067 1787
1067 1374
1067 1784
1067 1262
1067 1813
1067 1282
1067 1872
1067 1895
1067 1246
1067 1894
1067 1304
483 526
483 508
483 484
483 554
483 518
483 507
483 498
483 485
483 516
437 462
437 607
437 514
437 485
437 592
437 560
437 557
437 439
437 498
437 638
437 493
437 670
437 554
437 507
437 652
437 518
437 524
437 525
437 466
437 528
437 562
437 564
437 581
437 526
437 567
437 508
437 476
437 543
437 484
1100 1374
1100 1787
1100 1730
1100 1310
1100 1278
1100 1455
1100 1274
1100 1205
1100 1283
1100 1167
1100 1639
1100 1109
1100 1103
1100 1516
1100 1752
1100 1784
1100 1262
1100 1662
1100 1733
1100 1397
1100 1813
1100 1872
1100 1496
1100 1509
1100 1743
1100 1821
1100 1849
1100 1908
1100 1825
1100 1829
1100 1895
1100 1246
1100 1894
1100 1304
1100 1583
1100 1325
1100 1383
418 493
418 514
418 538
418 560
418 501
418 539
418 504
418 445
418 484
418 543
418 494
418 557
418 439
418 498
418 515
418 457
418 516
418 545
418 429
418 461
418 432
418 518
418 524
418 508
418 567
418 528
418 507
418 546
418 562
418 521
418 462
418 476
418 466
418 525
418 554
367 476
367 429
367 652
367 525
367 607
367 581
367 567
367 545
367 418
367 518
367 516
367 515
367 485
367 483
367 461
367 638
367 413
367 521
367 403
367 374
367 432
367 369
367 560
367 494
367 435
367 401
367 493
367 375
367 539
367 514
367 396
367 543
367 484
367 504
367 377
367 554
367 379
367 437
367 392
367 405
367 409
367 527
367 498
367 439
538 546
538 562
538 567
538 539
538 560
515 670
515 538
515 560
515 539
515 526
515 545
515 518
515 525
515 567
515 528
515 562
515 581
515 521
1730 1829
1730 1821
1730 1743
1730 1733
1730 1784
1730 1825
1730 1849
1730 1908
1730 1787
1730 1895
1730 1872
1730 1813
1730 1894
1730 1752
508 514
508 560
508 557
508 526
508 525
508 516
508 545
508 518
508 524
508 527
508 546
508 562
508 564
508 515
508 567
508 521
508 554
1262 1374
1262 1787
1262 1730
1262 1310
1262 1278
1262 1455
1262 1849
1262 1908
1262 1383
1262 1283
1262 1639
1262 1397
1262 1662
1262 1894
1262 1733
1262 1821
1262 1496
1262 1509
1262 1743
1262 1825
1262 1274
1262 1829
1262 1784
1262 1813
1262 1282
1262 1872
1262 1895
1262 1583
1262 1325
1262 1752
1262 1516
1283 1825
1283 1821
1283 1743
1283 1733
1283 1730
1283 1662
1283 1509
1283 1496
1283 1325
1283 1397
1283 1787
1283 1374
1283 1829
1283 1784
1283 1639
1283 1455
1283 1383
1283 1304
1283 1894
1283 1895
1283 1310
1283 1583
1283 1752
1283 1516
1283 1813
1283 1872
1639 1825
1639 1787
1639 1784
1639 1872
1639 1894
1639 1662
1639 1743
1639 1821
1662 1743
1662 1733
1662 1730
1662 1707
1662 1825
1662 1784
1662 1829
1662 1821
1662 1908
1662 1849
1662 1813
1662 1872
1662 1787
1662 1894
1662 1895
1662 1752
1821 1849
1821 1908
1821 1825
1821 1829
1821 1872
1821 1895
1821 1894
554 670
554 592
554 560
554 557
554 567
554 562
545 670
545 560
545 567
545 546
545 562
545 564
545 581
545 554
545 557
1784 1825
1784 1829
1784 1821
1784 1908
1784 1849
1784 1813
1784 1872
1784 1787
1784 1894
1784 1895
375 433
375 415
375 592
375 560
375 501
375 557
375 439
375 498
375 526
375 546
375 514
375 466
375 525
375 379
375 392
375 413
375 461
375 432
375 483
375 507
375 420
375 518
375 524
375 527
375 440
375 508
375 567
375 515
375 528
375 545
375 457
375 516
375 562
375 564
375 670
375 493
375 554
375 377
375 476
375 418
375 484
375 445
375 403
375 521
375 462
371 429
371 424
371 396
371 388
371 433
371 374
371 375
371 493
371 670
371 420
371 415
371 592
371 560
371 526
371 413
371 472
371 403
371 462
371 521
371 432
371 440
371 453
371 515
371 457
371 516
371 545
371 461
371 524
371 437
371 379
371 508
371 567
371 393
371 528
371 562
371 564
371 498
371 439
371 476
371 418
371 389
371 507
371 466
371 525
371 554
371 377
371 543
371 484
524 525
524 545
524 546
524 562
524 564
524 554
1743 1825
1743 1829
1743 1787
1743 1784
1743 1821
1743 1908
1743 1849
1743 1813
1743 1872
1743 1894
1743 1895
1743 1752
1033 1784
1033 1743
1033 1733
1033 1662
1033 1496
1033 1397
1033 1787
1033 1374
1033 1325
1033 1730
1033 1707
1033 1825
1033 1283
1033 1455
1033 1278
1033 1100
1033 1262
1033 1109
1033 1639
1033 1167
1033 1821
1033 1067
1033 1908
1033 1849
1033 1813
1033 1282
1033 1105
1033 1872
1033 1205
1033 1894
1033 1304
1033 1895
1033 1246
1033 1829
1033 1383
1033 1310
1033 1583
1033 1274
1033 1103
1033 1752
1033 1516
943 1730
943 1310
943 1015
943 1205
943 1283
943 1167
943 1639
943 1109
943 1103
943 985
943 1516
943 1752
943 1849
943 1908
943 1067
943 1033
943 1455
943 1397
943 1662
943 955
943 1100
943 1825
943 1707
943 1733
943 1784
943 1262
943 1813
943 1872
943 1496
943 1509
943 1743
943 1821
943 1829
943 1787
943 1374
943 1021
943 1019
943 1895
943 1246
943 1894
943 1304
943 1583
943 1325
108 1825
108 1707
108 1583
108 1397
108 1383
108 1100
108 1325
108 1067
108 1021
108 1455
108 1278
108 1262
108 1662
108 1374
108 1787
108 1033
108 1895
108 1246
108 1784
108 943
108 1730
108 918
108 1821
108 1849
108 1908
108 1274
108 955
108 1205
108 1283
108 1639
108 1167
108 1109
108 1829
108 1304
108 1894
108 1509
108 1752
108 1516
108 985
108 1103
108 1496
108 1743
108 1733
108 484
108 1015
108 897
108 1310
108 1019
108 1105
108 1813
108 1872
108 1282
396 562
396 545
396 418
396 528
396 401
396 524
396 518
396 515
396 508
396 507
396 516
396 457
396 453
396 514
396 546
396 670
396 543
396 484
396 432
396 429
396 592
396 415
396 560
396 439
396 557
396 498
396 538
396 420
396 424
396 461
396 638
396 526
396 399
396 437
396 466
396 525
396 554
396 409
396 405
396 539
396 413
396 472
396 521
396 403
396 462
1787 1829
1787 1825
1787 1821
1787 1908
1787 1849
1787 1813
1787 1872
1787 1894
1787 1895
439 493
439 670
439 607
439 514
439 592
439 560
439 501
439 557
439 498
439 526
439 504
439 445
439 494
439 466
439 525
439 461
439 524
439 508
439 567
439 515
439 457
439 453
439 518
439 562
439 564
439 652
439 476
439 507
439 484
439 462
439 521
439 554
1015 1397
1015 1325
1015 1283
1015 1274
1015 1262
1015 1109
1015 1019
1015 1455
1015 1278
1015 1662
1015 1304
1015 1894
1015 1825
1015 1707
1015 1733
1015 1908
1015 1849
1015 1374
1015 1787
1015 1033
1015 1784
1015 1730
1015 1743
1015 1821
1015 1067
1015 1205
1015 1246
1015 1895
1015 1496
1015 1509
1015 1639
1015 1167
1015 1516
1015 1103
1015 1752
1015 1105
1015 1813
1015 1872
1015 1282
1015 1021
1015 1829
1015 1310
1015 1583
1015 1383
1015 1100
1872 1908
1872 1894
1872 1895
525 607
525 592
525 560
525 526
525 545
525 652
525 638
525 567
525 528
525 562
525 554
525 543
581 638
581 607
581 592
388 437
388 524
388 466
388 525
388 409
388 557
388 439
388 413
388 562
388 560
388 545
388 429
388 504
388 445
388 401
388 526
388 514
388 396
388 418
388 507
388 508
388 515
388 518
388 521
388 403
388 462
440 528
440 554
440 476
440 472
440 501
440 543
440 514
440 545
440 445
440 562
440 564
440 466
440 524
440 526
440 539
440 567
440 508
440 457
440 515
440 507
440 518
440 462
440 521
498 562
498 545
498 527
498 525
498 524
498 518
498 516
498 521
498 507
498 528
498 546
498 514
498 538
498 508
498 567
498 539
498 526
498 501
498 560
498 543
498 504
507 564
507 562
507 546
507 545
507 528
507 524
507 518
507 515
507 567
507 508
507 554
507 538
507 525
507 607
507 526
507 514
507 592
507 521
507 560
369 432
369 420
369 504
369 413
369 501
369 410
369 526
369 539
369 409
369 405
369 528
369 518
369 375
369 527
369 498
369 457
369 399
369 396
369 560
369 494
567 652
567 581
567 638
567 592
453 560
453 545
453 514
453 501
453 476
453 567
453 554
453 508
453 507
453 498
453 461
453 466
429 546
429 545
429 543
429 524
429 518
429 515
429 508
429 507
429 461
429 516
429 457
429 453
429 607
429 498
429 439
429 437
429 564
429 435
429 562
429 483
429 527
429 476
429 592
429 652
429 485
429 514
429 526
429 432
429 433
429 462
429 521
429 560
429 501
429 445
429 670
429 493
429 554
429 525
429 466
472 508
472 560
472 516
472 514
472 476
472 567
472 515
472 562
472 554
472 525
1707 1894
1707 1787
1707 1784
1707 1730
1707 1872
1707 1743
374 564
374 437
374 393
374 521
374 403
374 462
374 432
374 413
374 472
374 557
374 439
374 498
374 607
374 375
374 493
374 484
374 670
374 543
374 581
374 592
374 415
374 514
374 396
374 501
374 560
374 638
374 461
374 526
374 377
374 554
374 466
374 525
374 652
374 379
374 392
374 476
374 507
374 409
374 424
374 429
374 457
374 389
374 516
374 508
374 567
374 440
374 388
374 515
374 518
374 524
374 401
374 528
374 418
374 545
374 546
374 562
374 435
562 592
562 581
562 670
562 607
562 652
562 567
564 567
518 560
518 557
518 562
518 581
518 554
518 546
518 538
518 607
518 638
518 539
518 525
518 652
518 527
518 528
518 526
518 521
518 545
518 567
1105 1278
1105 1730
1105 1167
1105 1895
1105 1894
1105 1374
1105 1205
1105 1872
1105 1825
1105 1813
1105 1787
1105 1743
1105 1496
1105 1707
1105 1304
399 485
399 560
399 494
399 432
399 528
399 518
399 527
399 498
399 457
399 405
399 409
399 539
399 410
399 526
399 413
399 504
399 562
349 508
349 501
349 374
349 484
349 476
349 466
349 461
349 457
349 453
349 504
349 377
349 445
349 429
349 488
349 392
349 399
349 526
349 410
349 472
349 413
349 354
349 415
349 420
349 538
349 483
349 424
349 557
349 439
349 518
349 528
349 401
349 546
349 369
349 539
349 409
349 527
349 554
349 525
349 543
349 514
349 396
349 524
349 405
349 521
349 403
349 462
349 485
349 560
349 433
349 393
349 364
349 375
349 493
349 515
349 388
349 379
349 545
349 418
349 516
349 389
349 507
349 432
349 562
349 435
349 367
349 494
349 564
349 437
349 498
349 371
349 440
349 567
364 476
364 652
364 525
364 638
364 581
364 562
364 545
364 418
364 539
364 527
364 518
364 516
364 515
364 567
364 508
364 560
364 501
364 433
364 374
364 389
364 507
364 413
364 607
364 371
364 488
364 528
364 410
364 526
364 592
364 415
364 498
364 420
364 445
364 462
364 403
364 484
364 543
364 369
364 375
364 493
364 670
364 377
364 554
364 483
364 485
364 367
364 494
364 437
364 379
377 528
377 401
377 527
377 524
377 518
377 515
377 388
377 508
377 557
377 439
377 498
377 607
377 429
377 488
377 392
377 539
377 472
377 413
377 415
377 592
377 493
377 560
377 433
377 501
377 581
377 554
377 424
377 483
377 546
377 526
377 638
377 461
377 562
377 435
377 396
377 514
377 420
377 403
377 462
377 521
377 432
377 564
377 437
377 379
377 545
377 418
377 507
377 567
377 440
377 445
377 453
377 457
377 389
377 516
377 466
377 525
377 652
377 476
377 484
377 670
377 543
379 485
379 484
379 543
379 472
379 413
379 457
379 516
379 466
379 525
379 437
379 453
379 424
379 483
379 429
379 488
379 462
379 507
379 652
379 514
379 518
379 545
379 562
379 564
379 515
379 528
379 567
379 581
379 638
379 435
379 560
379 501
379 498
379 415
379 592
379 418
379 476
379 392
379 432
379 554
379 493
379 670
379 401
392 507
392 504
392 501
392 560
392 498
392 439
392 557
392 485
392 484
392 457
392 516
392 429
392 488
392 494
392 526
392 432
392 418
392 476
392 514
392 518
392 592
392 415
392 545
392 562
392 564
392 515
392 528
392 567
392 581
392 461
392 638
392 466
392 525
392 554
392 493
392 670
392 424
392 483
392 413
392 401
354 476
354 488
354 429
354 652
354 525
354 581
354 567
354 562
354 545
354 418
354 539
354 518
354 516
354 389
354 515
354 514
354 504
354 377
354 364
354 494
354 401
354 410
354 538
354 420
354 472
354 413
354 485
354 367
354 483
354 543
354 484
354 493
354 638
354 461
354 432
354 433
354 374
354 521
354 405
354 392
354 409
354 527
354 498
354 607
354 371
354 501
354 560
389 439
389 413
389 493
389 538
389 567
389 445
389 466
389 453
389 560
389 508
389 514
389 501
389 401
389 488
389 504
389 498
389 484
389 476
389 545
389 494
393 543
393 484
393 539
393 538
393 515
393 457
393 516
393 466
393 437
393 461
393 432
393 562
393 504
393 424
393 554
393 567
393 405
393 413
393 494
393 429
393 488
393 476
393 493
393 528
393 557
393 498
393 560
393 501
393 507
393 526
401 607
401 581
401 567
401 562
401 545
401 418
401 543
401 539
401 518
401 515
401 560
401 501
401 433
401 670
401 493
401 483
401 409
401 514
401 485
401 435
401 494
401 432
401 507
401 410
401 538
401 420
401 652
401 415
401 592
401 476
401 462
401 413
401 439
401 498
401 557
401 516
401 457
401 638
401 445
401 504
401 554
401 525
401 466
401 437
401 429
401 488
401 405
401 526
405 527
405 409
405 504
405 539
405 485
405 457
405 516
405 546
405 429
405 488
405 507
405 567
405 420
405 538
405 562
405 494
405 410
405 526
405 432
405 466
405 543
405 484
405 560
405 501
409 501
409 560
409 484
409 539
409 466
409 525
409 462
409 521
409 445
409 504
409 440
409 546
409 429
409 488
409 432
409 514
409 485
409 457
409 515
409 518
409 527
409 562
409 413
409 410
409 557
409 439
409 526
409 494
409 418
409 538
409 420
410 420
410 413
410 457
410 432
410 539
410 526
410 518
410 562
410 504
410 501
410 488
410 527
410 498
410 493
410 494
413 539
413 525
413 524
413 528
413 526
413 485
413 514
413 429
413 488
413 521
413 462
413 592
413 415
413 581
413 567
413 508
413 424
413 483
413 493
413 560
413 433
413 501
413 432
413 545
413 418
413 507
413 527
413 538
413 562
413 435
413 494
413 437
413 439
413 453
413 457
413 516
413 461
413 484
413 670
413 543
413 504
413 518
420 527
420 504
420 484
420 538
420 485
420 514
420 539
420 545
420 560
420 562
420 493
420 429
420 488
420 494
420 528
420 526
420 424
420 518
420 432
420 457
420 476
432 564
432 437
432 562
432 518
432 515
432 567
432 508
432 507
432 504
432 560
432 501
432 433
432 484
432 539
432 476
432 466
432 538
432 435
432 494
432 485
432 607
432 516
432 457
432 483
432 514
432 652
432 488
432 546
432 493
432 670
432 526
432 439
432 498
432 557
432 528
432 472
445 539
445 524
445 504
445 546
445 545
445 488
445 461
445 476
445 557
445 484
445 560
445 501
445 507
445 508
445 514
445 518
445 521
466 581
466 562
466 545
466 538
466 525
466 518
466 567
466 508
466 504
466 560
466 501
466 494
466 485
466 543
466 484
466 476
466 472
466 488
466 514
466 592
466 670
466 557
466 526
466 539
466 507
466 527
466 516
484 1639
484 1325
484 554
484 1274
484 488
484 1516
484 1262
484 1246
484 1205
484 1103
484 1109
484 1105
484 1021
484 985
484 955
484 918
484 1100
484 592
484 581
484 567
484 1583
484 1304
484 1509
484 493
484 1374
484 485
484 1283
484 521
484 1730
484 1894
484 526
484 1282
484 1733
484 1019
484 638
484 1908
484 1849
484 560
484 501
484 518
484 528
484 538
484 1872
484 543
484 670
484 1813
484 515
484 507
484 1015
484 1310
484 1825
484 527
484 1278
484 897
484 516
484 545
484 514
484 1784
484 1821
484 1167
484 1743
484 1787
484 1397
484 508
484 562
484 943
484 1067
484 1829
484 1707
484 564
484 494
484 1383
484 1895
484 498
484 1455
484 1752
484 607
484 1496
484 539
484 525
484 652
484 1033
484 1662
484 504
476 564
476 554
476 485
476 526
476 581
476 592
476 488
476 557
476 607
476 498
476 493
476 483
476 525
476 652
476 507
476 484
476 543
476 501
476 560
476 508
476 567
476 514
476 515
476 516
476 518
476 524
476 528
476 545
476 546
476 562
493 592
493 670
493 607
493 543
493 638
493 498
493 504
493 562
493 560
493 501
493 514
493 518
493 525
493 545
493 516
493 515
493 567
493 581
493 652
493 538
493 539
493 507
493 554
494 504
494 501
494 560
494 498
494 557
494 527
494 538
494 508
494 567
494 515
494 518
494 562
494 539
494 526
494 546
501 592
501 543
501 504
501 521
501 528
501 526
501 514
501 538
501 515
501 518
501 539
501 564
501 581
501 567
501 508
501 638
501 652
501 557
501 554
501 507
501 525
504 560
504 543
504 525
504 554
504 538
504 567
504 527
504 514
504 518
504 562
504 515
504 539
504 528
504 557
504 526
514 545
514 528
514 521
514 560
514 526
514 670
514 543
514 592
514 581
514 562
514 638
514 538
514 554
514 525
514 652
514 607
514 564
514 567
514 516
514 515
514 518
514 524
526 564
526 562
526 545
526 567
526 539
526 538
526 527
526 543
526 546
526 528
526 560
539 652
539 638
539 607
539 581
539 567
539 562
539 560
539 543
539 546
557 560
560 562
560 638
560 592
560 581
560 607
560 670
560 567
560 652
488 526
488 493
488 560
488 539
488 514
488 501
488 504
488 494
488 557
