k : 15
Overall running time: 0.380192s.
diameter : 2
max_attr : 17
min_attr : 11
attribute delta : 6
final attribute distribution : 
16 13 11 13 15 17 


ans.V.size: 330
2907 2
3055 4
3225 4
3197 2
3188 0
3130 0
3088 2
3040 4
3012 3
2956 3
2933 4
2830 2
2759 2
3378 4
3263 1
2882 5
2746 3
2798 4
2781 4
2713 3
3423 2
3208 3
3078 2
3003 0
2729 5
2706 0
3413 1
3367 4
3343 2
3171 2
3169 4
3361 4
3296 1
3234 5
3189 0
3163 4
3015 4
3087 3
3020 5
2725 1
2674 5
3288 5
2876 5
2951 4
2702 0
3090 2
2685 1
3297 4
3273 0
3244 0
3214 5
3112 3
3024 4
2909 0
3080 2
3354 5
3275 3
3136 1
3299 2
3229 1
3141 4
2925 3
2908 5
3336 0
2851 0
2673 1
2893 4
3300 4
3436 5
3053 2
2978 2
2888 0
3259 3
2709 2
3400 3
2905 4
3251 0
3205 0
2824 1
2807 3
2731 2
3317 0
3365 5
3387 3
3289 5
2897 2
2947 1
3407 3
3322 3
3118 5
3239 5
3022 2
3017 2
3086 4
3356 1
2836 5
2771 2
3412 2
2989 4
3018 1
2764 1
2682 1
2757 5
2971 2
3048 3
2782 0
2719 0
3207 0
3266 1
3262 2
2932 3
2930 2
2766 5
2754 4
3254 5
3103 3
3386 2
3030 2
3417 0
3357 3
3116 2
3226 0
2895 4
3241 1
2681 2
2866 3
3178 2
3005 5
2714 5
3385 1
3028 5
3370 1
3019 1
3137 5
3379 2
3347 5
3161 0
3256 2
3265 1
2919 4
2844 3
3177 0
3257 3
3305 4
2898 3
2954 5
3382 5
3221 3
2811 5
2717 0
3392 5
3143 1
3302 3
2946 0
3155 5
3114 1
3074 2
2718 3
2707 0
3147 0
2902 2
2816 2
3420 0
3180 1
2797 1
2774 0
3294 1
3146 1
3107 1
3333 2
3071 1
2938 5
2993 5
2721 0
2975 5
2870 4
2667 2
3183 2
3173 2
3170 3
2992 4
2986 4
2913 4
2854 3
3240 1
3150 5
3099 1
3298 1
3109 3
3065 2
3039 5
2995 1
2941 3
3061 2
3434 0
3397 2
3268 1
3120 2
2974 2
2940 2
2881 0
3248 0
3186 0
3346 1
3348 3
3325 5
3278 4
2699 1
2690 5
2675 2
3363 4
3077 5
3285 1
3196 2
2920 4
2912 5
3340 5
3151 2
3121 3
2875 5
2970 4
2921 4
2914 4
3351 3
3345 4
3331 3
2910 1
2952 0
2863 0
2828 0
2744 2
3153 4
3050 5
2867 5
2865 5
2906 1
2864 2
3175 1
3097 3
2873 3
3227 2
3057 1
2926 3
2829 1
2990 2
2850 3
2834 0
3352 1
2758 3
2677 2
3023 3
2944 3
2868 3
3133 4
2929 2
2801 1
2911 3
3036 1
2665 4
3349 2
2937 2
2778 0
2751 1
3253 5
3052 4
2779 4
3034 1
2917 3
2928 0
2794 1
3418 1
3185 2
3281 0
3202 3
2749 5
2756 0
2695 5
3001 0
3398 1
3388 2
3117 0
2961 1
3292 1
2750 2
2783 3
2680 4
2662 5
2720 2
3321 2
2957 0
2670 0
2987 1
2945 3
2742 5
3435 1
3079 2
2967 5
2787 1
3199 1
3102 2
2743 4
3083 3
3066 0
3364 2
2840 3
3041 1
2994 2
3085 2
3091 2
3167 2
1685 1
2730 1
2755 1
2684 5
2874 5
2878 5
3427 5
2732 0
2891 0
2916 0
3026 0
3124 0
3159 0
3233 0
2739 3
3027 3
3105 4
3115 3
3258 4
3138 5

2907 2995
2907 2961
2907 2945
2907 2941
2907 2930
2907 3057
2907 2929
2907 2921
2907 3048
2907 3175
2907 3302
2907 2917
2907 2914
2907 3041
2907 2912
2907 2911
2907 2957
2907 2947
2907 2986
2907 2926
2907 2910
2907 3418
2907 3427
2907 3001
2907 3030
2907 3325
2907 3023
2907 3150
2907 3034
2907 3388
2907 2916
2907 2975
2907 3099
2907 3066
2907 3097
2907 3364
2907 3143
2907 3079
2907 3340
2907 2987
2907 3285
2907 3227
2907 3363
2907 3109
2907 3118
2907 3055
2907 2928
2907 3294
2907 3120
2907 3196
2907 3105
2907 2978
2907 3185
2907 3005
2907 3026
2907 2967
2907 3221
2907 3027
2907 2909
3055 3079
3055 3066
3055 3057
3055 3065
3055 3325
3055 3434
3055 3196
3055 3427
3055 3400
3055 3185
3055 3175
3055 3349
3055 3364
3055 3285
3055 3227
3055 3244
3055 3388
3055 3120
3055 3086
3055 3150
3055 3229
3055 3085
3055 3233
3055 3097
3225 3292
3225 3268
3225 3253
3225 3241
3225 3300
3225 3352
3225 3343
3225 3387
3225 3345
3225 3398
3225 3346
3225 3354
3225 3356
3225 3240
3225 3361
3225 3407
3225 3331
3225 3435
3225 3392
3225 3322
3197 3254
3197 3370
3197 3265
3197 3257
3197 3256
3197 3386
3188 3197
3188 3254
3188 3370
3188 3265
3188 3257
3188 3256
3188 3386
3130 3349
3130 3229
3130 3227
3130 3364
3130 3427
3088 3197
3088 3254
3088 3370
3088 3137
3088 3265
3088 3257
3088 3256
3088 3386
3088 3188
3040 3288
3040 3275
3040 3262
3040 3378
3040 3423
3040 3397
3040 3379
3040 3321
3040 3226
3040 3077
3040 3112
3040 3173
3040 3186
3012 3080
3012 3077
3012 3397
3012 3351
3012 3333
3012 3263
3012 3180
3012 3183
3012 3259
2956 3197
2956 3254
2956 3370
2956 3137
2956 3265
2956 3257
2956 3088
2956 3256
2956 3386
2956 3188
2933 3197
2933 3254
2933 3370
2933 3137
2933 3265
2933 3257
2933 3088
2933 3256
2933 3386
2933 3188
2933 2956
2830 3177
2830 3155
2830 2952
2830 3178
2830 3087
2830 3413
2830 3296
2830 3357
2830 3234
2830 3169
2830 3208
2830 3367
2830 3163
2830 3078
2830 3020
2759 3197
2759 3188
2759 2956
2759 3254
2759 3370
2759 3265
2759 3257
2759 2919
2759 3088
2759 3256
2759 3386
2759 2866
2759 2933
2759 2844
2759 3137
3378 3423
3378 3397
3378 3379
3263 3397
3263 3351
3263 3333
2882 3262
2882 3146
2882 3378
2882 3186
2882 3173
2882 3112
2882 3423
2882 3288
2882 3275
2882 3379
2882 3321
2882 3018
2882 3077
2882 2895
2882 3040
2746 2967
2746 2961
2746 2787
2746 2910
2746 3388
2746 3285
2746 3175
2746 3079
2746 3034
2746 2865
2746 2907
2746 3023
2746 2867
2746 2873
2746 2840
2798 3080
2798 2938
2798 3077
2798 3012
2798 2895
2798 3397
2798 3351
2798 3333
2798 3321
2798 3263
2798 3183
2798 3180
2798 2824
2798 3259
2781 3153
2781 3298
2781 3147
2781 3103
2781 3248
2781 2940
2781 3420
2781 3336
2781 3050
2781 3102
2781 3266
2781 3202
2781 2864
2781 3117
2781 3352
2781 2794
2713 3322
2713 2850
2713 3292
2713 3351
2713 3281
2713 3241
2713 3300
2713 3039
2713 2749
2713 3253
2713 2992
2713 3346
2713 3202
2713 2854
2713 3289
2713 3348
2713 3036
2713 3336
2713 3352
2713 2743
2713 3412
2713 2797
2713 3151
2713 2990
2713 3278
2713 2834
2713 2717
2713 3071
2713 3102
2713 3121
2713 3133
2713 2779
2713 3435
2713 3199
2713 3225
3423 3435
3208 3357
3208 3413
3208 3296
3208 3234
3208 3367
3078 3169
3078 3087
3078 3163
3078 3177
3078 3357
3078 3413
3078 3296
3078 3234
3078 3208
3078 3367
3078 3178
3078 3155
3003 3177
3003 3155
3003 3087
3003 3169
3003 3078
3003 3020
3003 3163
3003 3413
3003 3296
3003 3347
3003 3178
3003 3234
3003 3208
3003 3367
3003 3357
2729 3087
2729 3169
2729 3078
2729 3020
2729 3163
2729 3019
2729 3367
2729 3413
2729 3296
2729 3357
2729 3347
2729 3234
2729 3208
2729 2731
2729 2830
2729 2952
2729 3155
2729 3177
2729 3003
2706 2926
2706 2897
2706 2868
2706 2840
2706 2917
2706 3388
2706 3427
2706 2816
2706 3055
2706 3034
2706 3086
2706 3057
2706 2970
2706 2944
2706 3364
2706 2755
3367 3413
3343 3407
3343 3392
3343 3356
3343 3346
3343 3345
3171 3281
3171 3397
3171 3186
3171 3173
3171 3435
3171 3348
3171 3333
3171 3299
3171 3292
3171 3379
3171 3321
3171 3351
3169 3367
3169 3177
3169 3413
3169 3296
3169 3347
3169 3234
3169 3208
3169 3178
3361 3407
3361 3398
3361 3387
3361 3435
3296 3367
3296 3413
3296 3347
3296 3357
3234 3367
3234 3413
3234 3296
3234 3347
3234 3357
3189 3412
3189 3253
3189 3435
3189 3266
3189 3321
3189 3281
3189 3248
3189 3202
3189 3207
3189 3278
3163 3367
3163 3177
3163 3413
3163 3296
3163 3347
3163 3234
3163 3208
3163 3169
3163 3178
3163 3357
3015 3105
3015 3085
3015 3294
3015 3091
3015 3150
3015 3030
3015 3233
3015 3185
3015 3027
3015 3365
3015 3418
3015 3053
3015 3363
3015 3388
3015 3385
3087 3163
3087 3367
3087 3177
3087 3413
3087 3296
3087 3347
3087 3234
3087 3208
3087 3169
3087 3178
3087 3155
3087 3357
3020 3163
3020 3087
3020 3078
3020 3367
3020 3177
3020 3413
3020 3296
3020 3347
3020 3234
3020 3208
3020 3169
3020 3178
3020 3155
3020 3357
2725 3087
2725 3078
2725 3020
2725 3163
2725 3019
2725 2729
2725 3367
2725 3003
2725 3177
2725 3413
2725 3296
2725 3347
2725 3234
2725 3208
2725 3169
2725 2731
2725 3178
2725 2830
2725 2952
2725 3155
2725 2893
2725 3357
2674 2840
2674 2695
2674 2778
2674 2865
2674 2807
2674 2707
2674 2910
2674 2891
2674 2920
2674 3325
2674 3185
2674 3024
2674 3427
2674 2764
2674 3005
2674 2945
2674 2944
2674 2913
2674 3364
2674 2755
2674 2878
3288 3423
3288 3397
3288 3321
3288 3333
3288 3378
2876 3186
2876 3183
2876 3180
2876 3151
2876 3117
2876 3412
2876 3116
2876 3102
2876 3397
2876 3080
2876 3259
2876 3288
2876 3273
2876 3333
2876 3281
2876 3112
2876 3171
2876 3321
2876 3262
2876 3336
2876 3361
2876 3173
2876 2895
2876 3061
2876 3077
2876 3351
2876 2938
2951 3151
2951 3412
2951 3116
2951 3077
2951 3061
2951 3153
2951 3114
2951 3036
2951 3117
2951 3361
2951 3352
2951 3183
2951 3336
2951 3321
2951 3281
2951 3199
2951 3173
2951 3186
2951 3273
2951 3102
2702 3080
2702 2938
2702 3077
2702 3012
2702 2895
2702 2876
2702 2824
2702 3259
2702 3351
2702 3333
2702 2709
2702 3281
2702 3397
2702 3321
2702 3263
2702 3299
2702 3183
2702 3180
2702 2720
2702 2798
2702 3262
3090 3300
3090 3322
3090 3345
3090 3107
3090 3361
3090 3346
3090 3398
3090 3253
3090 3241
3090 3121
3090 3407
3090 3117
3090 3102
3090 3356
2685 3061
2685 3351
2685 3052
2685 2938
2685 3077
2685 3012
2685 2895
2685 2876
2685 2702
2685 3435
2685 2798
2685 3397
2685 3333
2685 3321
2685 3263
2685 3183
2685 3180
2685 3153
2685 3080
2685 2709
2685 3173
2685 2824
2685 3259
3297 3412
3297 3435
3297 3352
3297 3351
3297 3345
3297 3298
3273 3351
3273 3382
3273 3361
3273 3348
3273 3352
3273 3379
3273 3321
3273 3292
3273 3281
3244 3434
3244 3436
3244 3418
3244 3385
3244 3294
3244 3364
3214 3418
3214 3364
3214 3325
3214 3221
3112 3173
3112 3146
3112 3262
3112 3378
3112 3351
3112 3288
3112 3423
3112 3275
3112 3379
3112 3321
3112 3397
3112 3281
3112 3226
3112 3186
3112 3435
3024 3233
3024 3325
3024 3214
3024 3185
3024 3057
3024 3364
2909 3097
2909 3023
2909 2987
2909 3285
2909 2921
2909 3109
2909 3005
2909 2928
2909 2912
2909 2961
2909 3427
2909 3041
2909 2910
3080 3259
3080 3173
3080 3435
3080 3397
3080 3333
3080 3321
3080 3263
3080 3183
3080 3412
3080 3180
3080 3351
3354 3387
3354 3435
3354 3398
3354 3361
3354 3356
3275 3288
3275 3423
3275 3397
3275 3351
3275 3321
3275 3292
3275 3378
3136 3159
3136 3294
3136 3221
3136 3418
3136 3364
3136 3434
3299 3351
3299 3382
3299 3333
3299 3379
3299 3321
3299 3397
3229 3349
3229 3427
3229 3325
3229 3364
3141 3361
3141 3322
3141 3155
3141 3387
3141 3407
3141 3398
3141 3346
3141 3354
3141 3379
3141 3321
3141 3292
3141 3278
3141 3241
3141 3183
2925 2932
2925 2961
2925 2957
2925 2989
2925 3221
2925 3434
2925 3365
2925 2930
2925 2987
2925 2929
2925 3001
2925 3385
2925 3294
2925 3091
2925 2946
2908 2921
2908 3159
2908 2946
2908 2975
2908 3294
2908 3136
2908 3418
2908 3001
2908 2989
2908 3221
2908 3026
2908 2945
2908 2944
2908 3364
2908 3074
2908 2929
2908 2941
2908 3057
2908 3434
3336 3412
3336 3352
3336 3361
3336 3420
3336 3351
3336 3435
3336 3398
2851 3349
2851 3229
2851 2881
2851 3055
2851 2878
2851 2907
2851 2873
2851 3364
2851 2898
2851 2916
2851 2926
2851 2868
2851 2897
2851 3427
2851 2865
2851 2906
2851 3196
2851 2912
2851 2970
2851 2911
2851 2917
2851 2921
2851 2987
2851 2928
2851 2944
2851 2967
2673 2895
2673 3146
2673 2798
2673 3114
2673 2824
2673 3259
2673 2779
2673 2720
2673 2876
2673 2797
2673 3186
2673 3012
2673 3397
2673 3281
2673 3077
2673 3080
2673 3180
2673 3183
2673 3299
2673 2709
2673 3263
2673 3262
2673 3321
2673 2685
2673 3275
2673 3333
2673 3351
2673 2702
2673 2938
2893 3296
2893 3413
2893 3003
2893 3163
2893 3020
2893 3078
2893 3169
2893 3208
2893 3234
2893 3087
2893 2952
2893 3155
3300 3392
3300 3407
3300 3322
3300 3435
3300 3352
3300 3343
3300 3398
3300 3345
3300 3346
3300 3361
3053 3325
3053 3349
3053 3233
3053 3363
3053 3385
3053 3105
3053 3185
3053 3388
3053 3150
3053 3091
3053 3227
2978 3244
2978 3030
2978 3239
2978 3436
2978 3001
2978 2994
2978 3085
2978 3105
2978 3385
2978 3258
2978 3120
2978 3294
2978 3015
2888 3074
2888 3030
2888 2945
2888 3294
2888 3120
2888 3091
2888 2989
2888 3221
2888 3363
2888 2957
2888 3364
2888 2916
2888 3159
2888 2907
2888 3136
2888 3026
2888 3085
2888 2908
2888 2995
2888 3001
3259 3333
3259 3412
3259 3397
3259 3435
3259 3263
3259 3321
3259 3351
3259 3292
3259 3275
2709 3333
2709 3321
2709 2720
2709 3146
2709 2798
2709 2797
2709 3116
2709 3435
2709 3259
2709 2824
2709 2895
2709 3397
2709 3398
2709 2876
2709 3263
2709 2870
2709 3077
2709 3351
2709 2938
2709 3012
2709 3052
2709 3080
2709 3173
2709 3180
2709 2829
2709 3183
2709 3299
3400 3434
2905 3346
2905 3331
2905 3036
2905 3281
2905 3153
2905 3361
2905 3083
2905 3322
2905 3199
2905 3435
2905 3268
2905 3407
2905 3207
2905 3050
2905 3117
2905 3412
2905 3151
2905 3133
2905 3147
2905 3292
2905 3202
2905 3189
2905 3248
3251 3388
3251 3364
3205 3321
3205 3292
3205 3281
3205 3278
3205 3348
3205 3297
3205 3268
3205 3352
3205 3420
3205 3435
3205 3298
3205 3379
2824 3321
2824 3262
2824 3263
2824 3146
2824 3083
2824 2895
2824 2938
2824 3351
2824 3061
2824 3333
2824 3080
2824 3379
2824 3397
2824 3435
2824 3173
2824 3077
2824 3012
2824 2876
2824 3171
2824 3180
2824 2829
2824 3183
2824 3259
2824 3288
2824 2993
2824 3052
2807 3024
2807 3005
2807 3418
2807 3001
2807 2945
2807 2881
2807 2910
2807 3185
2807 2840
2807 3214
2807 3325
2807 3364
2807 2928
2807 2987
2807 2868
2807 2926
2807 2891
2807 2920
2807 2878
2807 2911
2807 3143
2807 2913
2807 2921
2807 2944
2731 3257
2731 2844
2731 3254
2731 3234
2731 3208
2731 2956
2731 2952
2731 3188
2731 3003
2731 3367
2731 2759
2731 3370
2731 2866
2731 3347
2731 3386
2731 3155
2731 2919
2731 3413
2731 3163
2731 3087
2731 3019
2731 3078
2731 3137
2731 2933
2731 3169
2731 3296
2731 3178
2731 3265
2731 3088
2731 3197
2731 3020
2731 3256
3317 3417
3317 3398
3317 3420
3317 3392
3317 3345
3365 3385
3365 3434
3365 3418
3365 3436
3387 3407
3387 3398
3387 3435
3387 3397
3289 3292
3289 3351
3289 3387
3289 3398
3289 3356
3289 3298
3289 3420
3289 3361
3289 3412
3289 3333
3289 3435
2897 2944
2897 2926
2897 2920
2897 2917
2897 3427
2897 2932
2897 3023
2897 3057
2897 3086
2897 2970
2897 3074
2897 2929
2897 3079
2897 3118
2897 3229
2897 3294
2897 3302
2897 3364
2897 3305
2897 3130
2897 3325
2897 3349
2897 3285
2897 3055
2897 2945
2947 3034
2947 3388
2947 2987
2947 3105
2947 2957
2947 3066
2947 3118
2947 3175
2947 3001
2947 3086
2947 2970
2947 3229
2947 3055
2947 3364
2947 3120
2947 3150
3407 3435
3322 3343
3322 3435
3322 3356
3322 3345
3322 3346
3322 3398
3322 3387
3322 3352
3322 3361
3322 3407
3322 3392
3118 3340
3118 3175
3118 3196
3118 3364
3239 3294
3239 3349
3239 3258
3239 3434
3239 3436
3239 3388
3022 3147
3022 3133
3022 3117
3022 3103
3022 3398
3022 3170
3022 3083
3022 3071
3022 3248
3022 3050
3022 3345
3022 3036
3022 3116
3022 3352
3022 3207
3022 3266
3022 3202
3022 3289
3022 3183
3022 3281
3022 3298
3022 3417
3022 3240
3022 3153
3022 3253
3022 3317
3022 3435
3022 3321
3022 3297
3022 3420
3022 3333
3022 3397
3022 3102
3022 3278
3017 3268
3017 3420
3017 3278
3017 3083
3017 3170
3017 3417
3017 3240
3017 3253
3086 3251
3086 3229
3086 3130
3086 3305
3086 3364
3086 3349
3086 3233
3086 3285
3086 3109
3356 3397
3356 3387
3356 3407
3356 3435
3356 3398
3356 3392
2836 2995
2836 3349
2836 2947
2836 2944
2836 2925
2836 2907
2836 2881
2836 2875
2836 2865
2836 2863
2836 2961
2836 3001
2836 3175
2836 2840
2836 2957
2836 3120
2836 3325
2836 3364
2836 3340
2836 3418
2836 3388
2836 3034
2836 3196
2836 3227
2836 2987
2836 3105
2836 2941
2836 3118
2771 3186
2771 3170
2771 3240
2771 3417
2771 3153
2771 3151
2771 3147
2771 3133
2771 2779
2771 3050
2771 2905
2771 3253
2771 3281
2771 3022
2771 3435
2771 3348
2771 3266
2771 3292
2771 3298
2771 3352
2771 3420
2771 2864
2771 3331
2771 3036
2771 2854
2771 3202
2771 2850
2771 3278
2771 3102
2771 3103
2771 3189
2771 3248
2771 3071
2771 3117
2771 2940
2771 3412
3412 3435
2989 3105
2989 3434
2989 3233
2989 3167
2989 3159
2989 3124
2989 3143
2989 3027
2989 3023
2989 3074
2989 3120
2989 3091
2989 3418
2989 3136
2989 3079
2989 3340
2989 3001
2989 3365
2989 2995
2989 3385
2989 3085
2989 3026
3018 3186
3018 3183
3018 3202
3018 3379
3018 3173
3018 3146
3018 3102
3018 3397
3018 3199
3018 3435
3018 3112
3018 3083
3018 3378
3018 3225
3018 3259
3018 3354
3018 3262
3018 3321
3018 3292
3018 3331
3018 3398
3018 3423
3018 3039
3018 3275
3018 3153
3018 3288
3018 3052
3018 3226
3018 3077
3018 3061
2764 2868
2764 2863
2764 2801
2764 3214
2764 2865
2764 2836
2764 2807
2764 2778
2764 3427
2764 2928
2764 2881
2764 2932
2764 2921
2764 2945
2764 2944
2764 2957
2764 3001
2764 3233
2764 2914
2764 3418
2764 2946
2764 3024
2764 3057
2764 2916
2764 2975
2764 3185
2764 2961
2764 3325
2764 3364
2764 2913
2764 3027
2764 2811
2764 2840
2764 2891
2764 2920
2764 3221
2682 2930
2682 2926
2682 2690
2682 2925
2682 2863
2682 2840
2682 2865
2682 2836
2682 2957
2682 2783
2682 2774
2682 3364
2682 2970
2682 3086
2682 3057
2682 3434
2682 3015
2682 2744
2682 2757
2682 3030
2682 3325
2682 3055
2682 3258
2682 3185
2682 2995
2682 3294
2682 3091
2682 2917
2682 2946
2682 2758
2682 2787
2682 2801
2682 2742
2682 2684
2682 2945
2682 2932
2682 2755
2682 3388
2682 2739
2682 2764
2757 2978
2757 2957
2757 2930
2757 2925
2757 2863
2757 2840
2757 2774
2757 3364
2757 2916
2757 3233
2757 3030
2757 3001
2757 3074
2757 2929
2757 3136
2757 3221
2757 3105
2757 3363
2757 3365
2757 2995
2757 3294
2757 3091
2757 2888
2757 3385
2757 3239
2757 3434
2757 3027
2757 2946
2757 3418
2757 3085
2757 3026
2757 3258
2757 2994
2757 2874
2757 2787
2757 2932
2971 3240
2971 3417
2971 3202
2971 3186
2971 3180
2971 3121
2971 3298
2971 3151
2971 3147
2971 3133
2971 3117
2971 3412
2971 3102
2971 3103
2971 3248
2971 3071
2971 3317
2971 3022
2971 3435
2971 3036
2971 3331
2971 3253
2971 3281
2971 3107
2971 3420
2971 3392
2971 3333
2971 3116
2971 3352
2971 3207
2971 3266
2971 3050
2971 3345
2971 3083
2971 3170
3048 3385
3048 3340
3048 3427
3048 3233
3048 3079
3048 3065
3048 3097
3048 3349
3048 3227
3048 3099
3048 3418
3048 3150
3048 3091
3048 3143
3048 3388
2782 3205
2782 3382
2782 3180
2782 3121
2782 3298
2782 3151
2782 2797
2782 3117
2782 2940
2782 3170
2782 3083
2782 3061
2782 3036
2782 3077
2782 2895
2782 3262
2782 2854
2782 3202
2782 3289
2782 3348
2782 3435
2782 3352
2782 3268
2782 3281
2782 3398
2782 2992
2782 3050
2782 3253
2782 3420
2782 3351
2782 3292
2782 3278
2782 3336
2782 2864
2782 3183
2782 2902
2782 2850
2782 3114
2782 2870
2782 3102
2719 3265
2719 3256
2719 3386
2719 2933
2719 2759
2719 2844
2719 3188
2719 2956
2719 3088
2719 3257
2719 3137
2719 3370
2719 3254
2719 3197
3207 3248
3207 3317
3207 3435
3207 3253
3207 3398
3207 3345
3207 3241
3207 3321
3207 3348
3207 3240
3207 3417
3207 3352
3207 3281
3207 3392
3207 3356
3207 3292
3266 3398
3266 3317
3266 3298
3266 3417
3266 3268
3266 3281
3266 3420
3266 3278
3266 3352
3262 3379
3262 3288
3262 3435
3262 3275
3262 3333
3262 3299
3262 3321
3262 3336
3262 3423
3262 3378
3262 3281
3262 3398
3262 3292
3262 3351
3262 3397
2932 2987
2932 3120
2932 3258
2932 3427
2932 2961
2932 3079
2932 3030
2932 3325
2932 3055
2932 3185
2932 3365
2932 2995
2932 3099
2932 3385
2932 3057
2932 3434
2932 3239
2932 3074
2932 3091
2932 3027
2932 2945
2932 2978
2932 3363
2932 3436
2930 2946
2930 3418
2930 3015
2930 2957
2930 3175
2930 3001
2930 3233
2930 3048
2930 3436
2930 2932
2930 3120
2930 3091
2930 3030
2930 3325
2930 3221
2930 3105
2930 3365
2930 2995
2930 3385
2930 3434
2930 3027
2930 3085
2930 2994
2930 2945
2930 3363
2766 3147
2766 3133
2766 3121
2766 3298
2766 3117
2766 2940
2766 3103
2766 3398
2766 3102
2766 3170
2766 3083
2766 3050
2766 3345
2766 2854
2766 3202
2766 2864
2766 2781
2766 3253
2766 2850
2766 3268
2766 3071
2766 3248
2766 3240
2766 3417
2766 3352
2766 3420
2766 2771
2766 2829
2766 2974
2766 3392
2766 3278
2766 3207
2766 3266
2766 2794
2766 2971
2766 3435
2766 3317
2766 3022
2766 3036
2766 3331
2754 3161
2754 3102
2754 3151
2754 2974
2754 3387
2754 3133
2754 3121
2754 3146
2754 3117
2754 3107
2754 3071
2754 3052
2754 2993
2754 3356
2754 3061
2754 3322
2754 3379
2754 3268
2754 3281
2754 3241
2754 3345
2754 2794
2754 3321
2754 3262
2754 3407
2754 3435
2754 3199
2754 3351
2754 3292
2754 2938
2754 3083
2754 3141
2754 2870
2754 2937
2754 3398
2754 3039
2754 3155
2754 2902
2754 2990
3254 3256
3254 3370
3254 3386
3254 3265
3254 3257
3103 3151
3103 3147
3103 3133
3103 3146
3103 3117
3103 3331
3103 3435
3103 3170
3103 3345
3103 3180
3103 3298
3103 3153
3103 3186
3103 3202
3103 3268
3103 3281
3103 3321
3103 3348
3103 3240
3103 3417
3103 3248
3103 3352
3103 3253
3103 3278
3103 3266
3030 3105
3030 3364
3030 3436
3030 3363
3030 3074
3030 3120
3030 3418
3030 3091
3030 3175
3030 3221
3030 3365
3030 3385
3030 3434
3030 3239
3030 3258
3030 3085
3417 3435
3417 3420
3357 3413
3357 3367
3116 3151
3116 3133
3116 3117
3116 3412
3116 3397
3116 3199
3116 3435
3116 3266
3116 3292
3116 3351
3116 3180
3116 3336
3116 3202
3116 3379
3116 3253
3116 3398
3116 3289
3116 3248
3116 3352
3116 3281
3116 3186
3116 3225
3116 3420
3116 3153
3116 3345
3116 3183
3226 3321
3226 3288
3226 3423
3226 3397
3226 3262
3226 3275
2895 3080
2895 3036
2895 3018
2895 3077
2895 3012
2895 3061
2895 2974
2895 3112
2895 2938
2895 3351
2895 3263
2895 3146
2895 3382
2895 3180
2895 3117
2895 3412
2895 3183
2895 3173
2895 3186
2895 3259
2895 3262
2895 3321
2895 3281
2895 3397
2895 3116
2895 3333
2895 3275
2895 2992
2895 3050
3241 3343
3241 3248
3241 3387
3241 3300
3241 3321
3241 3292
3241 3253
3241 3398
3241 3331
3241 3336
3241 3345
3241 3346
3241 3435
3241 3317
3241 3356
3241 3417
3241 3407
3241 3322
3241 3392
3241 3333
2681 2987
2681 2928
2681 2751
2681 2945
2681 2944
2681 2926
2681 2690
2681 2912
2681 2906
2681 2836
2681 2975
2681 3034
2681 3388
2681 2917
2681 2801
2681 3427
2681 2756
2681 3023
2681 3086
2681 3057
2681 3175
2681 3349
2681 3233
2681 3097
2681 3150
2681 3196
2681 3065
2681 3130
2681 2840
2681 3364
2681 3340
2681 2750
2681 2707
2681 2878
2681 3055
2681 2758
2681 3229
2681 2816
2681 3079
2681 2961
2681 2706
2681 2764
2681 2967
2681 2695
2681 3285
2866 3265
2866 3386
2866 2933
2866 3370
2866 2919
2866 3088
2866 3257
2866 3188
2866 2956
2866 3197
3178 3234
3178 3208
3178 3413
3178 3296
3178 3367
3005 3427
3005 3364
3005 3285
3005 3233
3005 3363
3005 3325
3005 3023
3005 3079
3005 3118
3005 3418
3005 3400
3005 3105
3005 3024
3005 3227
3005 3055
2714 3392
2714 3407
2714 3121
2714 3225
2714 2952
2714 3039
2714 3083
2714 3107
2714 3241
2714 3345
2714 3253
2714 3292
2714 3322
3385 3388
3385 3418
3385 3436
3028 3151
3028 3117
3028 3052
3028 3039
3028 3348
3028 3153
3028 3292
3028 3199
3028 3102
3370 3386
3019 3296
3019 3234
3019 3413
3019 3367
3019 3020
3019 3163
3019 3087
3019 3347
3019 3155
3019 3169
3137 3254
3137 3370
3137 3386
3137 3265
3137 3188
3137 3257
3137 3197
3379 3382
3379 3397
3379 3420
3379 3398
3347 3367
3161 3387
3161 3398
3161 3356
3161 3241
3161 3345
3256 3370
3256 3265
3256 3386
3256 3257
3265 3370
3265 3386
2919 3265
2919 3197
2919 3386
2919 3256
2919 3370
2919 2933
2919 3188
2919 2956
2919 3088
2919 3257
2844 3197
2844 3137
2844 3370
2844 2956
2844 3188
2844 3265
2844 3257
2844 2919
2844 3088
2844 2933
2844 3386
2844 2866
2844 3256
3177 3234
3177 3208
3177 3413
3177 3296
3177 3357
3177 3367
3257 3265
3257 3386
3257 3370
2898 2920
2898 2913
2898 2911
2898 2910
2898 3005
2898 2917
2898 2926
2898 2987
2898 3400
2898 2929
2898 3227
2898 2907
2898 3034
2898 3001
2898 3233
2898 3175
2898 3057
2898 2967
2898 3074
2898 3364
2898 3120
2898 3099
2898 3229
2898 2947
2898 3065
2898 2961
2898 2945
2898 2944
2898 2921
2898 3196
2898 2986
2898 3055
2954 3418
2954 3239
2954 3085
2954 3027
2954 3105
2954 2989
2954 3120
2954 2970
2954 3436
2954 3091
2954 3001
2954 3015
2954 3363
2954 3365
2954 3385
3382 3435
3382 3420
3382 3417
3221 3233
3221 3418
3221 3363
3221 3364
3221 3325
3221 3434
3221 3294
2811 2928
2811 2987
2811 2921
2811 2908
2811 3085
2811 3026
2811 2868
2811 3364
2811 2941
2811 3118
2811 2875
2811 2840
2811 3159
2811 2945
2811 2961
2811 2874
2811 2989
2811 3221
2811 2995
2811 3024
2811 3001
2811 3418
2811 2946
2811 3091
2811 2888
2811 3074
2811 2929
2811 3136
2811 3363
2811 3057
2811 3434
2811 2975
2811 2944
2811 3294
2811 2881
2811 2911
2811 3214
2717 3083
2717 3071
2717 3052
2717 2993
2717 2940
2717 2937
2717 2905
2717 3141
2717 3018
2717 2902
2717 2990
2717 2754
2717 3090
2717 2854
2717 3061
2717 2974
2717 2797
2717 3151
2717 2829
2717 2721
2717 3155
2717 2720
2717 2952
2717 3039
2717 3321
2717 3292
2717 3351
2717 3322
2717 3268
2717 3281
2717 3107
2717 3346
2717 3028
2717 3354
2717 3407
2717 3289
2717 3348
2717 3361
2717 3300
2717 3241
2717 2864
2717 3435
2717 3199
2717 3102
2717 2743
2717 3207
2717 2794
2717 2749
2717 3398
3392 3398
3392 3435
3392 3407
3392 3417
3143 3340
3143 3285
3143 3427
3143 3227
3143 3251
3143 3175
3143 3233
3143 3325
3143 3364
3143 3388
3143 3196
3302 3364
3302 3388
3302 3427
2946 3364
2946 2975
2946 3221
2946 2978
2946 3214
2946 2961
2946 3001
2946 3030
2946 3436
2946 3024
2946 2957
2946 3074
2946 3099
2946 3244
2946 3418
2946 3136
2946 3057
2946 3434
2946 3258
2946 3294
2946 3091
2946 3159
2946 3027
3155 3347
3155 3387
3155 3208
3155 3234
3155 3292
3155 3241
3155 3345
3155 3356
3155 3289
3155 3367
3155 3392
3155 3322
3155 3413
3155 3253
3155 3435
3155 3296
3155 3178
3155 3169
3155 3163
3155 3161
3155 3278
3155 3398
3114 3146
3114 3205
3114 3382
3114 3133
3114 3121
3114 3180
3114 3298
3114 3170
3114 3278
3114 3268
3114 3281
3114 3253
3114 3273
3114 3292
3114 3351
3114 3299
3114 3183
3114 3348
3114 3321
3114 3262
3114 3392
3114 3420
3114 3379
3114 3202
3114 3435
3114 3199
3114 3336
3114 3116
3114 3352
3074 3159
3074 3285
3074 3233
3074 3120
3074 3418
3074 3136
3074 3079
3074 3364
3074 3434
3074 3221
3074 3294
2718 2921
2718 2917
2718 2914
2718 2913
2718 2912
2718 2911
2718 2906
2718 2873
2718 2755
2718 3109
2718 3227
2718 2867
2718 2926
2718 2828
2718 3427
2718 2778
2718 2878
2718 2868
2718 2986
2718 3340
2718 2783
2718 3196
2718 3048
2718 3251
2718 2758
2718 2816
2718 3086
2718 2941
2718 3066
2718 3079
2718 3057
2718 3175
2718 3349
2718 3097
2718 2865
2718 3099
2718 3065
2718 3143
2718 3364
2718 2987
2718 3388
2718 3034
2718 3023
2718 2967
2718 2840
2718 2957
2718 2898
2718 2756
2707 2921
2707 2744
2707 2912
2707 3325
2707 2911
2707 2970
2707 2881
2707 3294
2707 2897
2707 2868
2707 2750
2707 2828
2707 2946
2707 3005
2707 3418
2707 2801
2707 3214
2707 2928
2707 2751
2707 2987
2707 2783
2707 2787
2707 2865
2707 2840
2707 2944
2707 2945
2707 2975
2707 3001
2707 3057
2707 2967
2707 2941
2707 2764
2707 3097
2707 2807
2707 3427
2707 2778
2707 3185
2707 2947
2707 3363
2707 2961
2707 3364
2707 2811
2707 2929
2707 2932
2707 2755
2707 2906
2707 3024
2707 2878
2707 3221
3147 3298
3147 3398
3147 3331
3147 3199
3147 3317
3147 3435
3147 3207
3147 3266
3147 3345
3147 3336
3147 3202
3147 3268
3147 3153
3147 3289
3147 3348
3147 3292
3147 3170
3147 3240
3147 3417
3147 3352
3147 3382
3147 3253
3147 3248
3147 3420
3147 3278
2902 3121
2902 3117
2902 2940
2902 3412
2902 3107
2902 3225
2902 3343
2902 3141
2902 2905
2902 3083
2902 3071
2902 3052
2902 2993
2902 3028
2902 3114
2902 2990
2902 3278
2902 3036
2902 3331
2902 3202
2902 3379
2902 3292
2902 3253
2902 3268
2902 3346
2902 3300
2902 3155
2902 3398
2902 3039
2902 3352
2902 3356
2902 3289
2902 3407
2902 3348
2902 3361
2902 3435
2902 3199
2902 3151
2902 3322
2902 3207
2902 3050
2902 3345
2902 3102
2816 2912
2816 2906
2816 2867
2816 2926
2816 2828
2816 3427
2816 3305
2816 3364
2816 2873
2816 3109
2816 3227
2816 2911
2816 2970
2816 3027
2816 3086
2816 2917
2816 3023
2816 3041
2816 3099
2816 3057
2816 3066
2816 2921
2816 3079
2816 3097
2816 3388
2816 3034
2816 2987
2816 3065
2816 3143
2816 3251
2816 2967
2816 2945
2816 2944
2816 2840
2816 2913
2816 3196
2816 3233
2816 3150
2816 3091
3420 3435
3180 3398
3180 3397
3180 3189
3180 3248
3180 3266
3180 3351
3180 3263
3180 3297
3180 3183
3180 3259
3180 3202
3180 3186
3180 3262
3180 3412
3180 3281
3180 3352
3180 3435
3180 3298
3180 3333
3180 3299
2797 3083
2797 3378
2797 3018
2797 3077
2797 2940
2797 2882
2797 2870
2797 2864
2797 3278
2797 3050
2797 2992
2797 2850
2797 3052
2797 3288
2797 3040
2797 2895
2797 3133
2797 2854
2797 3061
2797 2829
2797 3321
2797 3262
2797 3275
2797 3420
2797 3268
2797 3036
2797 3281
2797 3298
2797 2834
2797 3351
2797 3352
2797 3379
2797 3202
2797 3423
2797 3435
2797 3186
2797 3205
2797 3146
2797 3382
2797 3348
2797 3112
2797 3397
2797 3102
2797 3173
2797 3114
2797 2937
2774 2863
2774 2914
2774 3091
2774 2916
2774 2783
2774 3434
2774 2926
2774 2906
2774 3167
2774 2811
2774 3159
2774 3041
2774 2816
2774 2787
2774 3436
2774 2874
2774 2891
2774 3363
2774 3030
2774 3175
2774 2978
2774 3239
2774 3120
2774 3294
2774 2917
2774 3015
2774 2957
2774 3340
2774 3079
2774 3365
2774 3349
2774 2995
2774 3385
2774 2970
2774 2954
2774 2946
2774 3418
2774 3005
2774 2932
2774 2930
2774 2989
2774 3105
2774 3027
2774 3085
2774 2994
2774 3097
3294 3340
3294 3364
3294 3427
3294 3436
3294 3349
3294 3385
3294 3363
3294 3434
3146 3331
3146 3170
3146 3288
3146 3348
3146 3378
3146 3292
3146 3351
3146 3173
3146 3278
3146 3205
3146 3382
3146 3321
3146 3262
3146 3275
3146 3333
3146 3420
3146 3207
3146 3352
3146 3298
3146 3268
3146 3281
3146 3423
3146 3379
3146 3202
3146 3186
3146 3183
3146 3387
3146 3397
3107 3121
3107 3117
3107 3248
3107 3170
3107 3345
3107 3346
3107 3387
3107 3333
3107 3392
3107 3241
3107 3300
3107 3155
3107 3268
3107 3321
3107 3292
3107 3147
3107 3417
3107 3240
3107 3356
3107 3253
3107 3398
3107 3331
3107 3343
3107 3225
3107 3407
3107 3202
3107 3435
3107 3199
3107 3161
3107 3322
3333 3397
3333 3435
3333 3351
3333 3356
3333 3412
3333 3354
3333 3379
3333 3348
3071 3121
3071 3298
3071 3117
3071 3107
3071 3083
3071 3199
3071 3317
3071 3435
3071 3345
3071 3207
3071 3266
3071 3278
3071 3147
3071 3356
3071 3133
3071 3141
3071 3170
3071 3153
3071 3155
3071 3202
3071 3241
3071 3253
3071 3398
3071 3268
3071 3351
3071 3240
3071 3417
3071 3352
3071 3387
3071 3151
3071 3102
3071 3392
3071 3248
3071 3331
2938 3083
2938 3052
2938 2993
2938 3036
2938 3012
2938 3248
2938 3080
2938 3173
2938 3061
2938 2974
2938 3183
2938 3077
2938 2992
2938 3171
2938 3407
2938 3263
2938 3292
2938 3351
2938 3299
2938 3153
2938 3180
2938 3354
2938 3202
2938 3379
2938 3321
2938 3225
2938 3259
2938 3268
2938 3281
2938 3398
2938 3253
2938 3435
2938 3116
2938 3146
2938 3117
2938 3397
2938 3102
2938 3207
2938 3333
2993 3107
2993 3225
2993 3103
2993 3398
2993 3052
2993 3170
2993 3083
2993 3292
2993 3114
2993 3173
2993 3018
2993 3278
2993 3061
2993 3356
2993 3036
2993 3331
2993 3248
2993 3321
2993 3268
2993 3281
2993 3379
2993 3202
2993 3289
2993 3348
2993 3435
2993 3241
2993 3299
2993 3417
2993 3345
2993 3420
2993 3253
2993 3205
2993 3382
2993 3146
2993 3121
2993 3298
2993 3207
2993 3102
2993 3133
2721 3321
2721 3292
2721 2938
2721 3240
2721 3225
2721 3107
2721 3343
2721 3202
2721 3090
2721 3322
2721 3052
2721 2974
2721 3387
2721 3039
2721 3155
2721 3018
2721 3061
2721 3356
2721 3345
2721 2794
2721 3354
2721 3346
2721 3398
2721 3407
2721 2937
2721 2754
2721 2990
2721 3083
2721 3141
2721 3199
2721 3071
2721 3161
2721 3183
2721 3241
2975 3214
2975 3427
2975 2987
2975 3400
2975 3340
2975 3109
2975 3221
2975 3418
2975 2995
2975 3074
2975 3364
2975 3097
2975 3150
2975 3363
2975 3079
2975 3175
2975 3057
2975 3434
2975 3285
2975 3159
2975 3055
2975 3388
2975 3024
2870 3036
2870 3331
2870 3017
2870 3253
2870 3022
2870 2993
2870 3052
2870 3170
2870 3050
2870 2992
2870 2940
2870 3117
2870 3083
2870 2938
2870 3351
2870 2951
2870 3336
2870 2937
2870 3114
2870 3173
2870 3278
2870 3061
2870 3133
2870 3321
2870 3153
2870 3298
2870 3379
2870 3202
2870 3348
2870 3171
2870 3268
2870 3281
2870 3352
2870 3420
2870 3382
2870 3205
2870 3146
2870 3397
2870 3102
2870 3387
2870 3398
2870 3240
2870 3417
2667 2910
2667 2906
2667 2670
2667 2898
2667 2957
2667 2840
2667 2828
2667 3005
2667 2783
2667 2774
2667 3364
2667 2756
2667 2867
2667 2690
2667 2751
2667 2750
2667 2986
2667 3340
2667 2718
2667 2816
2667 2787
2667 3023
2667 3427
2667 2873
2667 3109
2667 3227
2667 2699
2667 2994
2667 3048
2667 2989
2667 3251
2667 3015
2667 3041
2667 3099
2667 3065
2667 3097
2667 3175
2667 3349
2667 3233
2667 3285
2667 3079
2667 3365
2667 2917
2667 3385
2667 2913
2667 2677
2667 2914
2667 3091
2667 3150
2667 3027
2667 2967
2667 3085
2667 2878
2667 3143
2667 2907
2667 2916
2667 3034
2667 3388
3183 3398
3183 3397
3183 3299
3183 3199
3183 3289
3183 3351
3183 3292
3183 3435
3183 3263
3183 3275
3183 3333
3183 3352
3183 3412
3183 3259
3183 3205
3183 3298
3183 3186
3183 3262
3183 3321
3183 3273
3183 3281
3183 3354
3183 3379
3183 3387
3173 3412
3173 3299
3173 3297
3173 3183
3173 3351
3173 3292
3173 3348
3173 3382
3173 3288
3173 3435
3173 3199
3173 3354
3173 3275
3173 3378
3173 3333
3173 3205
3173 3423
3173 3180
3173 3186
3173 3202
3173 3379
3173 3226
3173 3259
3173 3262
3173 3321
3173 3273
3173 3281
3173 3352
3173 3397
3170 3336
3170 3266
3170 3352
3170 3345
3170 3435
3170 3199
3170 3317
3170 3331
3170 3398
3170 3253
3170 3392
3170 3278
3170 3420
3170 3248
3170 3180
3170 3298
3170 3382
3170 3202
3170 3240
3170 3417
3170 3268
3170 3281
3170 3292
2992 3420
2992 3133
2992 3147
2992 3278
2992 3435
2992 3071
2992 3248
2992 3331
2992 2993
2992 3052
2992 3397
2992 3102
2992 3107
2992 3351
2992 3103
2992 3050
2992 3083
2992 3061
2992 3170
2992 3266
2992 3114
2992 3173
2992 3117
2992 3146
2992 3205
2992 3382
2992 3153
2992 3186
2992 3202
2992 3379
2992 3240
2992 3036
2992 3417
2992 3253
2992 3268
2992 3281
2992 3289
2992 3348
2992 3298
2992 3321
2992 3352
2986 3364
2986 3233
2986 2987
2986 3400
2986 3055
2986 3053
2986 2994
2986 3227
2986 3109
2986 3143
2986 3427
2986 3034
2986 3388
2986 3023
2986 3150
2986 3079
2986 2995
2986 3349
2986 3041
2986 3065
2986 3285
2986 3048
2986 3175
2986 3302
2986 3340
2913 3364
2913 3091
2913 3027
2913 2941
2913 3385
2913 3227
2913 3400
2913 2987
2913 3023
2913 2914
2913 3099
2913 3233
2913 2928
2913 3427
2913 3418
2913 2957
2913 3325
2913 2920
2913 2967
2913 2986
2913 3340
2913 3005
2913 3015
2913 3251
2913 3034
2913 3048
2913 3065
2913 3079
2913 3143
2913 3349
2854 3392
2854 3133
2854 3117
2854 2864
2854 3336
2854 2870
2854 3102
2854 3420
2854 3253
2854 3107
2854 3103
2854 3017
2854 3398
2854 3083
2854 3147
2854 3317
2854 2895
2854 3022
2854 3071
2854 2993
2854 2992
2854 3050
2854 3345
2854 3331
2854 3170
2854 3278
2854 3151
2854 3207
2854 3266
2854 3248
2854 3121
2854 3298
2854 3146
2854 3382
2854 3202
2854 3240
2854 3036
2854 3417
2854 3114
2854 3241
2854 3268
2854 3281
2854 2940
2854 3321
2854 3348
2854 3352
3240 3417
3240 3356
3240 3278
3240 3266
3240 3345
3240 3435
3240 3317
3240 3331
3240 3420
3240 3253
3240 3398
3240 3346
3240 3322
3240 3392
3240 3248
3240 3298
3240 3241
3240 3268
3240 3292
3240 3321
3240 3348
3240 3407
3240 3352
3240 3382
3150 3436
3150 3227
3150 3388
3150 3340
3150 3285
3150 3233
3150 3427
3150 3196
3150 3349
3150 3302
3150 3175
3099 3363
3099 3109
3099 3143
3099 3388
3099 3233
3099 3227
3099 3364
3099 3340
3099 3196
3099 3150
3099 3118
3099 3120
3099 3302
3099 3349
3298 3352
3298 3392
3298 3420
3298 3336
3298 3398
3298 3317
3298 3331
3298 3417
3298 3382
3109 3251
3109 3150
3109 3227
3109 3196
3109 3427
3109 3388
3109 3233
3109 3349
3109 3364
3109 3285
3109 3340
3065 3227
3065 3109
3065 3400
3065 3364
3065 3349
3065 3285
3065 3233
3065 3340
3065 3427
3065 3196
3065 3079
3065 3150
3065 3066
3065 3097
3065 3099
3065 3143
3065 3175
3039 3361
3039 3107
3039 3354
3039 3392
3039 3331
3039 3387
3039 3083
3039 3061
3039 3090
3039 3435
3039 3199
3039 3343
3039 3052
3039 3398
3039 3050
3039 3345
3039 3151
3039 3278
3039 3336
3039 3205
3039 3356
3039 3102
3039 3322
3039 3117
3039 3248
3039 3121
3039 3298
3039 3141
3039 3289
3039 3407
3039 3153
3039 3155
3039 3241
3039 3300
3039 3253
3039 3292
3039 3321
3039 3346
3039 3225
3039 3352
2995 3365
2995 3349
2995 3085
2995 3418
2995 3034
2995 3388
2995 3115
2995 3434
2995 3385
2995 3091
2995 3150
2995 3105
2995 3363
2995 3109
2995 3015
2995 3074
2995 3030
2995 3325
2995 3041
2995 3079
2995 3120
2995 3136
2995 3048
2995 3175
2995 3167
2995 3294
2941 3364
2941 3349
2941 2986
2941 3233
2941 3400
2941 2987
2941 3055
2941 3109
2941 3434
2941 3427
2941 3196
2941 2975
2941 3221
2941 2967
2941 3418
2941 3097
2941 2944
2941 3239
2941 2945
2941 2961
2941 3079
2941 2989
2941 3057
2941 3175
2941 3065
2941 3118
2941 3294
3061 3361
3061 3331
3061 3077
3061 3321
3061 3183
3061 3151
3061 3348
3061 3112
3061 3173
3061 3114
3061 3412
3061 3117
3061 3398
3061 3103
3061 3397
3061 3382
3061 3288
3061 3351
3061 3292
3061 3333
3061 3133
3061 3102
3061 3080
3061 3083
3061 3141
3061 3259
3061 3153
3061 3180
3061 3186
3061 3202
3061 3379
3061 3146
3061 3273
3061 3281
3061 3299
3397 3435
3397 3423
3397 3412
3268 3352
3268 3348
3268 3321
3268 3336
3268 3345
3268 3420
3268 3382
3268 3379
3268 3292
3268 3398
3268 3331
3268 3417
3268 3278
3268 3298
3268 3281
3268 3300
3268 3317
3120 3294
3120 3167
3120 3239
3120 3175
3120 3136
3120 3258
3120 3363
3120 3388
3120 3124
3120 3233
3120 3418
3120 3325
3120 3159
3120 3436
2974 3387
2974 3133
2974 3361
2974 3107
2974 3348
2974 3322
2974 3333
2974 3392
2974 3331
2974 3036
2974 3061
2974 3090
2974 3435
2974 3022
2974 3071
2974 2993
2974 3052
2974 3292
2974 3397
2974 3161
2974 3345
2974 3050
2974 3398
2974 3117
2974 2990
2974 3083
2974 3170
2974 3356
2974 3102
2974 3039
2974 3207
2974 3116
2974 3352
2974 3248
2974 3121
2974 3147
2974 3407
2974 3153
2974 3155
2974 3202
2974 3240
2974 3241
2974 3300
2974 3253
2974 3281
2974 3321
2974 3346
2940 3352
2940 2971
2940 3348
2940 3292
2940 3331
2940 3392
2940 3071
2940 3240
2940 3133
2940 3336
2940 3435
2940 3317
2940 3022
2940 3028
2940 3382
2940 3147
2940 3398
2940 3103
2940 3050
2940 3345
2940 2993
2940 3052
2940 3036
2940 3417
2940 3170
2940 2974
2940 3278
2940 3151
2940 3207
2940 3266
2940 3253
2940 3083
2940 3102
2940 3114
2940 3117
2940 3248
2940 3121
2940 3180
2940 3298
2940 3153
2940 3186
2940 3202
2940 3268
2940 3281
2881 3185
2881 3099
2881 3074
2881 2947
2881 3066
2881 2916
2881 2975
2881 3214
2881 2907
2881 3118
2881 2910
2881 3418
2881 2946
2881 2909
2881 3086
2881 3340
2881 2987
2881 3055
2881 2928
2881 3005
2881 3364
2881 3363
2881 3349
2881 2920
2881 3024
2881 2906
2881 2911
2881 2898
2881 2929
2881 3285
2881 3233
2881 2926
2881 2944
2881 2945
2881 3065
2881 2961
2881 3079
2881 3221
2881 2967
2881 3001
2881 3023
2881 3057
2881 2921
2881 3175
3248 3348
3248 3281
3248 3336
3248 3292
3248 3435
3248 3317
3248 3331
3248 3345
3248 3398
3248 3392
3248 3266
3248 3382
3248 3356
3248 3417
3248 3420
3248 3297
3248 3278
3248 3253
3248 3352
3248 3298
3186 3351
3186 3281
3186 3275
3186 3273
3186 3268
3186 3288
3186 3435
3186 3199
3186 3348
3186 3423
3186 3397
3186 3420
3186 3361
3186 3412
3186 3379
3186 3202
3186 3378
3186 3278
3186 3336
3186 3352
3186 3298
3186 3226
3186 3262
3186 3321
3346 3435
3346 3398
3346 3356
3346 3361
3346 3407
3346 3387
3346 3392
3348 3352
3348 3351
3348 3435
3348 3397
3348 3382
3348 3379
3348 3398
3348 3417
3348 3407
3325 3363
3325 3364
3325 3427
3325 3340
3325 3418
3278 3352
3278 3321
3278 3292
3278 3281
3278 3322
3278 3345
3278 3435
3278 3317
3278 3331
3278 3379
3278 3382
3278 3392
3278 3398
3278 3420
3278 3417
3278 3298
2699 3120
2699 3099
2699 3097
2699 2970
2699 3048
2699 2989
2699 2874
2699 2828
2699 2758
2699 3053
2699 2816
2699 3143
2699 2730
2699 2913
2699 2986
2699 2868
2699 3340
2699 2750
2699 3349
2699 3196
2699 3427
2699 3325
2699 2912
2699 2755
2699 3227
2699 2873
2699 2987
2699 3105
2699 3285
2699 2906
2699 2867
2699 3388
2699 2916
2699 2975
2699 2907
2699 3034
2699 2751
2699 2878
2699 2891
2699 3027
2699 2928
2699 2801
2699 3091
2699 2914
2699 2787
2699 3150
2699 3023
2699 3233
2699 3418
2699 2783
2699 2910
2699 2911
2699 2941
2699 3118
2699 2947
2699 3065
2699 2957
2699 2961
2699 3079
2699 2840
2699 2967
2690 3136
2690 2755
2690 3086
2690 3079
2690 3066
2690 2706
2690 3001
2690 2764
2690 3118
2690 3109
2690 3285
2690 2695
2690 3143
2690 2730
2690 2946
2690 2828
2690 2758
2690 2816
2690 3388
2690 2975
2690 3349
2690 3427
2690 3159
2690 2778
2690 2751
2690 2987
2690 3364
2690 2836
2690 2718
2690 2744
2690 2928
2690 2801
2690 2707
2690 3418
2690 2783
2690 2921
2690 3302
2690 2917
2690 3233
2690 2868
2690 2897
2690 3074
2690 2908
2690 2911
2690 2970
2690 3097
2690 3065
2690 2811
2690 3434
2690 2926
2690 2967
2690 3221
2690 2840
2690 3325
2690 2944
2690 2945
2690 3023
2690 3057
2675 3351
2675 3292
2675 3348
2675 3289
2675 3281
2675 3268
2675 3240
2675 3052
2675 3117
2675 2940
2675 2864
2675 3345
2675 3050
2675 3253
2675 2992
2675 3017
2675 3398
2675 3103
2675 3435
2675 3317
2675 3022
2675 3071
2675 3331
2675 3018
2675 3420
2675 2771
2675 3102
2675 3392
2675 3382
2675 3146
2675 3205
2675 3114
2675 3036
2675 2782
2675 3417
2675 3170
2675 3297
2675 2779
2675 3133
2675 2743
2675 2870
2675 2834
2675 3083
2675 2829
2675 3116
2675 3352
2675 2971
2675 2794
2675 3207
2675 3266
2675 2797
2675 3278
2675 3151
2675 2850
2675 2854
2675 3248
2675 3121
2675 3180
2675 3298
2675 2766
2675 3147
2675 3153
2675 3186
2675 3202
3363 3436
3363 3365
3363 3388
3363 3364
3363 3427
3363 3434
3363 3385
3363 3418
3077 3288
3077 3281
3077 3273
3077 3146
3077 3321
3077 3262
3077 3259
3077 3226
3077 3133
3077 3183
3077 3351
3077 3292
3077 3423
3077 3397
3077 3102
3077 3412
3077 3117
3077 3083
3077 3112
3077 3348
3077 3382
3077 3379
3077 3202
3077 3398
3077 3435
3077 3299
3077 3297
3077 3263
3077 3354
3077 3275
3077 3378
3077 3333
3077 3151
3077 3114
3077 3173
3077 3116
3077 3205
3077 3153
3077 3180
3077 3186
3077 3080
3077 3207
3285 3388
3285 3349
3285 3364
3285 3427
3285 3340
3285 3325
3196 3227
3196 3400
3196 3388
3196 3364
3196 3251
3196 3427
3196 3285
3196 3349
3196 3302
3196 3233
2920 3086
2920 3057
2920 2989
2920 3079
2920 2961
2920 2954
2920 2945
2920 2944
2920 2929
2920 3109
2920 2994
2920 2926
2920 2941
2920 3285
2920 2986
2920 3185
2920 3364
2920 3143
2920 3349
2920 3150
2920 3034
2920 3005
2920 3085
2920 3305
2920 3105
2920 2987
2920 3233
2920 3055
2920 2928
2920 3418
2920 3427
2920 3015
2920 3074
2920 2970
2920 2921
2912 3099
2912 3066
2912 3065
2912 3048
2912 2921
2912 3041
2912 2914
2912 2913
2912 3227
2912 3109
2912 3196
2912 2986
2912 3340
2912 2926
2912 3400
2912 2987
2912 3388
2912 3233
2912 3349
2912 3364
2912 3427
2912 3251
2912 3285
2912 2975
2912 3229
2912 3005
2912 3055
2912 3091
2912 3023
2912 3150
2912 3034
2912 2917
2912 2920
2912 3097
2912 2941
2912 2957
2912 2961
2912 3079
2912 2967
3340 3427
3340 3388
3340 3349
3340 3364
3340 3363
3340 3418
3151 3292
3151 3281
3151 3268
3151 3253
3151 3202
3151 3199
3151 3186
3151 3170
3151 3297
3151 3266
3151 3278
3151 3336
3151 3412
3151 3361
3151 3351
3151 3345
3151 3382
3151 3398
3151 3352
3151 3189
3151 3331
3151 3333
3151 3420
3151 3348
3151 3248
3151 3180
3151 3298
3151 3407
3151 3153
3151 3155
3151 3273
3121 3346
3121 3322
3121 3321
3121 3298
3121 3292
3121 3281
3121 3268
3121 3253
3121 3300
3121 3133
3121 3147
3121 3336
3121 3207
3121 3435
3121 3199
3121 3317
3121 3248
3121 3331
3121 3407
3121 3392
3121 3382
3121 3351
3121 3398
3121 3345
3121 3278
3121 3151
3121 3420
3121 3170
3121 3240
3121 3417
3121 3356
3121 3343
3121 3225
3121 3352
3121 3155
3121 3202
3121 3241
2875 2978
2875 2967
2875 2908
2875 3085
2875 3026
2875 2941
2875 2925
2875 2995
2875 2946
2875 3418
2875 2888
2875 2989
2875 3105
2875 3001
2875 3233
2875 3074
2875 3364
2875 3120
2875 3294
2875 3136
2875 3244
2875 3385
2875 3239
2875 3434
2875 3436
2875 2916
2875 3388
2875 3159
2875 2929
2970 3185
2970 3118
2970 3086
2970 3340
2970 3066
2970 3057
2970 3079
2970 3034
2970 2975
2970 3388
2970 3363
2970 3109
2970 2987
2970 3349
2970 3365
2970 3196
2970 3427
2970 3285
2970 3099
2970 3221
2970 3105
2970 3001
2970 3055
2970 3305
2970 3097
2970 3302
2970 3325
2921 3185
2921 3099
2921 3074
2921 3065
2921 3079
2921 2961
2921 3418
2921 3005
2921 2987
2921 3055
2921 2928
2921 3109
2921 3227
2921 2941
2921 3118
2921 3434
2921 3364
2921 3349
2921 3427
2921 3285
2921 3214
2921 3305
2921 3233
2921 2975
2921 3221
2921 2929
2921 3034
2921 3086
2921 2970
2921 3325
2921 2944
2921 2945
2914 3185
2914 3175
2914 3048
2914 3120
2914 3079
2914 2967
2914 2957
2914 3385
2914 2954
2914 3099
2914 3105
2914 2987
2914 3388
2914 2916
2914 3349
2914 2926
2914 3340
2914 2986
2914 3364
2914 3325
2914 3427
2914 3251
2914 3227
2914 3196
2914 2994
2914 3027
2914 2928
2914 3055
2914 3091
2914 3150
2914 3233
2914 3034
2914 3143
2914 3418
2914 2917
2914 2920
2914 2970
2914 3097
2914 2947
2914 3065
3351 3387
3351 3412
3351 3397
3351 3382
3351 3361
3351 3356
3345 3435
3345 3407
3345 3392
3345 3346
3345 3398
3345 3417
3345 3387
3345 3356
3345 3352
3331 3412
3331 3336
3331 3346
3331 3397
3331 3356
3331 3392
3331 3345
3331 3382
3331 3435
3331 3348
3331 3398
3331 3420
3331 3333
3331 3352
2910 3065
2910 3048
2910 2921
2910 3023
2910 3005
2910 3001
2910 3079
2910 2961
2910 2913
2910 3340
2910 3385
2910 2926
2910 3053
2910 3105
2910 3400
2910 2987
2910 3227
2910 3364
2910 3363
2910 3349
2910 3251
2910 3185
2910 3214
2910 2928
2910 3055
2910 2916
2910 3027
2910 3091
2910 2914
2910 3233
2910 3427
2910 3034
2910 3143
2910 2911
2910 2970
2910 2912
2910 2917
2910 2920
2910 2941
2910 3325
2910 2944
2910 2954
2952 3234
2952 3225
2952 3107
2952 3343
2952 3169
2952 3346
2952 3163
2952 3151
2952 3208
2952 3121
2952 3003
2952 3087
2952 3199
2952 3083
2952 3296
2952 3322
2952 3078
2952 3019
2952 2990
2952 3367
2952 3253
2952 3398
2952 3292
2952 3331
2952 3345
2952 3392
2952 3020
2952 3407
2952 3241
2952 3300
2952 3039
2952 3155
2952 3177
2952 3413
2952 3347
2952 3052
2863 3221
2863 2967
2863 3175
2863 3120
2863 3055
2863 2928
2863 3436
2863 3030
2863 3023
2863 2907
2863 3365
2863 2875
2863 3105
2863 2987
2863 3233
2863 2916
2863 3388
2863 3196
2863 3434
2863 3239
2863 2865
2863 3385
2863 3364
2863 3325
2863 3418
2863 3363
2863 2891
2863 2994
2863 3026
2863 3085
2863 3091
2863 2914
2863 3027
2863 2911
2863 2970
2863 2913
2863 3294
2863 2925
2863 2929
2863 2930
2863 2989
2863 2945
2863 2957
2863 2961
2863 2986
2863 2995
2863 2874
2863 3001
2863 2888
2863 3015
2863 2947
2863 3074
2828 3099
2828 3079
2828 3066
2828 3065
2828 3041
2828 2914
2828 2995
2828 2868
2828 2916
2828 3388
2828 2891
2828 2987
2828 2926
2828 2906
2828 2867
2828 2994
2828 2878
2828 3023
2828 3150
2828 3091
2828 3285
2828 3167
2828 3349
2828 3427
2828 3364
2828 2986
2828 3227
2828 2873
2828 3109
2828 3196
2828 3027
2828 3055
2828 3436
2828 3233
2828 3418
2828 2898
2828 2957
2828 3034
2828 2907
2828 2911
2828 2912
2828 2917
2828 2920
2828 2970
2828 3097
2828 3302
2828 3175
2828 2921
2828 2930
2828 2944
2828 2945
2828 2967
2828 2840
2744 2944
2744 2925
2744 2995
2744 2908
2744 2975
2744 2946
2744 3418
2744 2888
2744 2897
2744 3074
2744 2868
2744 2932
2744 2755
2744 2989
2744 3001
2744 3030
2744 3024
2744 2783
2744 3055
2744 3120
2744 3294
2744 2881
2744 3086
2744 3057
2744 3434
2744 3136
2744 2757
2744 2875
2744 3244
2744 3364
2744 2987
2744 3221
2744 2778
2744 3159
2744 2811
2744 2840
3153 3321
3153 3298
3153 3289
3153 3281
3153 3240
3153 3202
3153 3186
3153 3275
3153 3259
3153 3412
3153 3336
3153 3331
3153 3292
3153 3351
3153 3199
3153 3435
3153 3398
3153 3420
3153 3333
3153 3397
3153 3379
3153 3354
3153 3352
3153 3348
3153 3170
3153 3297
3153 3183
3153 3189
3153 3248
3153 3253
3153 3266
3153 3173
3153 3205
3050 3292
3050 3281
3050 3268
3050 3240
3050 3202
3050 3186
3050 3170
3050 3297
3050 3153
3050 3298
3050 3180
3050 3133
3050 3317
3050 3435
3050 3117
3050 3412
3050 3336
3050 3331
3050 3392
3050 3382
3050 3147
3050 3398
3050 3103
3050 3351
3050 3348
3050 3345
3050 3417
3050 3420
3050 3278
3050 3151
3050 3116
3050 3352
3050 3207
3050 3266
3050 3071
3050 3189
3050 3253
3050 3083
3050 3102
3050 3107
3050 3114
3050 3248
3050 3121
2867 3099
2867 3079
2867 3066
2867 3065
2867 3057
2867 3048
2867 3175
2867 2995
2867 2868
2867 2941
2867 3091
2867 3196
2867 2906
2867 2994
2867 2913
2867 3150
2867 3023
2867 3400
2867 2987
2867 3388
2867 2916
2867 3349
2867 3325
2867 2912
2867 3227
2867 3109
2867 3364
2867 3427
2867 3340
2867 2986
2867 3251
2867 2874
2867 3285
2867 2873
2867 2914
2867 3041
2867 2891
2867 2878
2867 3085
2867 2967
2867 3027
2867 3233
2867 2898
2867 2957
2867 3034
2867 2907
2867 3143
2867 2910
2867 2911
2867 2917
2867 2920
2867 3097
2867 2926
2867 2929
2865 3066
2865 3055
2865 3005
2865 2967
2865 3079
2865 2961
2865 3105
2865 2987
2865 2916
2865 3388
2865 3120
2865 3099
2865 3349
2865 3364
2865 2910
2865 3418
2865 2986
2865 2868
2865 3251
2865 2897
2865 2947
2865 3074
2865 3285
2865 3227
2865 3109
2865 3363
2865 2941
2865 3118
2865 3233
2865 2881
2865 2898
2865 2957
2865 2907
2865 2909
2865 2911
2865 2912
2865 2920
2865 2970
2865 3097
2865 3175
2865 2921
2865 3434
2865 2926
2865 3325
2865 2944
2865 2945
2906 3118
2906 3099
2906 3079
2906 3023
2906 3015
2906 2995
2906 3048
2906 3302
2906 2989
2906 2957
2906 3065
2906 3196
2906 2913
2906 2916
2906 3388
2906 3120
2906 3185
2906 3385
2906 3340
2906 2986
2906 3349
2906 2987
2906 2928
2906 3364
2906 3143
2906 3034
2906 2907
2906 3427
2906 3229
2906 3325
2906 3227
2906 3109
2906 3363
2906 3053
2906 3085
2906 3027
2906 3091
2906 2914
2906 3233
2906 2967
2906 3105
2906 2910
2906 2994
2906 2911
2906 2920
2906 2947
2864 3281
2864 3268
2864 3240
2864 3202
2864 3186
2864 3155
2864 3153
2864 3205
2864 3146
2864 3298
2864 3121
2864 3248
2864 3116
2864 3117
2864 2940
2864 3321
2864 2902
2864 3052
2864 2993
2864 3331
2864 3392
2864 3253
2864 3382
2864 3317
2864 3435
2864 3199
2864 3022
2864 3348
2864 3345
2864 3050
2864 2905
2864 2992
2864 3017
2864 3398
2864 3103
2864 3336
2864 3147
2864 3133
2864 3387
2864 3278
2864 3151
2864 3352
2864 3071
2864 2870
2864 3036
2864 3417
2864 3420
2864 3039
2864 3170
2864 3297
2864 3207
2864 3266
2864 3083
2864 3102
2864 3114
2864 3173
3175 3285
3175 3364
3175 3400
3175 3185
3175 3388
3175 3349
3175 3227
3175 3363
3175 3340
3175 3196
3175 3233
3175 3427
3097 3099
3097 3175
3097 3302
3097 3150
3097 3227
3097 3363
3097 3109
3097 3285
3097 3400
3097 3185
3097 3385
3097 3340
3097 3388
3097 3349
3097 3143
3097 3364
3097 3196
3097 3427
3097 3233
2873 3079
2873 3066
2873 3065
2873 3057
2873 3048
2873 2921
2873 3034
2873 2907
2873 3023
2873 3150
2873 2986
2873 2957
2873 2945
2873 3097
2873 3196
2873 2906
2873 2881
2873 3285
2873 2913
2873 3294
2873 3167
2873 3099
2873 2874
2873 3388
2873 3349
2873 2987
2873 3364
2873 3143
2873 3427
2873 3340
2873 2891
2873 3251
2873 3239
2873 3227
2873 3363
2873 3109
2873 2878
2873 3085
2873 2967
2873 3027
2873 3055
2873 3091
2873 3041
2873 2914
2873 3233
2873 2910
2873 2994
2873 3053
2873 2926
2873 2911
2873 2912
2873 2917
2873 2920
3227 3400
3227 3388
3227 3349
3227 3364
3227 3285
3227 3340
3227 3427
3227 3434
3227 3233
3227 3418
3057 3086
3057 3066
3057 3079
3057 3097
3057 3227
3057 3136
3057 3427
3057 3349
3057 3434
3057 3364
3057 3130
3057 3099
3057 3302
3057 3285
3057 3196
3057 3118
3057 3388
3057 3229
3057 3305
3057 3185
3057 3233
3057 3074
3057 3221
2926 3099
2926 3086
2926 3066
2926 3057
2926 3041
2926 3023
2926 2987
2926 2967
2926 2961
2926 3065
2926 2947
2926 2945
2926 2932
2926 3227
2926 3109
2926 3364
2926 3055
2926 3400
2926 3388
2926 3130
2926 3229
2926 3251
2926 3285
2926 3349
2926 3175
2926 3118
2926 2941
2926 3196
2926 3427
2926 3305
2926 3185
2926 3001
2926 2957
2926 3034
2926 2944
2926 3325
2926 2970
2926 3097
2926 2929
2829 3281
2829 3273
2829 3321
2829 2940
2829 3262
2829 3253
2829 3202
2829 3186
2829 3153
2829 3407
2829 3180
2829 3121
2829 3248
2829 3116
2829 3107
2829 3103
2829 3278
2829 3336
2829 3173
2829 3114
2829 2937
2829 2850
2829 2902
2829 2938
2829 3292
2829 3351
2829 2993
2829 3052
2829 3412
2829 2876
2829 3171
2829 3348
2829 2992
2829 3050
2829 3345
2829 3398
2829 3333
2829 3392
2829 3397
2829 3102
2829 3379
2829 3382
2829 3028
2829 3435
2829 2974
2829 3133
2829 3299
2829 3417
2829 3036
2829 2870
2829 2834
2829 3039
2829 3170
2829 3117
2829 2990
2829 3147
2829 3061
2829 3266
2829 2971
2829 3352
2829 3331
2829 3077
2829 3083
2990 3241
2990 3161
2990 3102
2990 3151
2990 3387
2990 3121
2990 3117
2990 3107
2990 3199
2990 3435
2990 3083
2990 3071
2990 3248
2990 3052
2990 2993
2990 3321
2990 3292
2990 3379
2990 3253
2990 3331
2990 3336
2990 3345
2990 3346
2990 3354
2990 3356
2990 3322
2990 3090
2990 3361
2990 3407
2990 3398
2990 3039
2990 3155
2990 3392
2850 3292
2850 3281
2850 3268
2850 3253
2850 3300
2850 3241
2850 3240
2850 3202
2850 3186
2850 3298
2850 3180
2850 3170
2850 3153
2850 3407
2850 3116
2850 3107
2850 3117
2850 2940
2850 3336
2850 2864
2850 2854
2850 3090
2850 3028
2850 3382
2850 3289
2850 2876
2850 3435
2850 3317
2850 2902
2850 3039
2850 3420
2850 3333
2850 3397
2850 3102
2850 3345
2850 3050
2850 3147
2850 3346
2850 2992
2850 3351
2850 3322
2850 2905
2850 3398
2850 3103
2850 3022
2850 2895
2850 3133
2850 2870
2850 3417
2850 3036
2850 3331
2850 3077
2850 2974
2850 3278
2850 3151
2850 3348
2850 3352
2850 2971
2850 3207
2850 3266
2850 3071
2850 3248
2850 3083
2834 3281
2834 3268
2834 3299
2834 3240
2834 3225
2834 3352
2834 3202
2834 3189
2834 3186
2834 3298
2834 3180
2834 3273
2834 3155
2834 3153
2834 3407
2834 3116
2834 3103
2834 2870
2834 3133
2834 2938
2834 3292
2834 3351
2834 3117
2834 3412
2834 3147
2834 2940
2834 3321
2834 3052
2834 2993
2834 2895
2834 3022
2834 3435
2834 3018
2834 3077
2834 3331
2834 3036
2834 3398
2834 3346
2834 2992
2834 3333
2834 3397
2834 3382
2834 3361
2834 3322
2834 2850
2834 3300
2834 3061
2834 3102
2834 3356
2834 2974
2834 3278
2834 3151
2834 3183
2834 2876
2834 3289
2834 3348
2834 3039
2834 2937
2834 3114
2834 3050
2834 2905
2834 3259
2834 3266
2834 2864
2834 3080
2834 3083
2834 3090
3352 3361
3352 3435
3352 3398
3352 3392
3352 3382
3352 3420
3352 3417
2758 3066
2758 3065
2758 3057
2758 3041
2758 3023
2758 3150
2758 3001
2758 2970
2758 3097
2758 2967
2758 2840
2758 3221
2758 3079
2758 2961
2758 2945
2758 2920
2758 2912
2758 2778
2758 2836
2758 2816
2758 2865
2758 2828
2758 2946
2758 3427
2758 3196
2758 2910
2758 3418
2758 2783
2758 2926
2758 2867
2758 3388
2758 2975
2758 3365
2758 3364
2758 3143
2758 3034
2758 2907
2758 3285
2758 3130
2758 3325
2758 3227
2758 3109
2758 2873
2758 3099
2758 3175
2758 3302
2758 3233
2758 2764
2758 2941
2758 3185
2758 2913
2758 3005
2758 2878
2758 3091
2758 3305
2758 3105
2758 2987
2758 3055
2758 2928
2758 2801
2758 2917
2758 2868
2758 2897
2677 3086
2677 3340
2677 3066
2677 3057
2677 3048
2677 2921
2677 3175
2677 3302
2677 3034
2677 2907
2677 3023
2677 3150
2677 2995
2677 2868
2677 2970
2677 3097
2677 2699
2677 2758
2677 2755
2677 3227
2677 3109
2677 2873
2677 2746
2677 2920
2677 2706
2677 2778
2677 2865
2677 2828
2677 3349
2677 2756
2677 2874
2677 3365
2677 3364
2677 3143
2677 2816
2677 3251
2677 2897
2677 2926
2677 2867
2677 3285
2677 2695
2677 3388
2677 3185
2677 3196
2677 3427
2677 2718
2677 3099
2677 2878
2677 3305
2677 2906
2677 3233
2677 2986
2677 2898
2677 2783
2677 2910
2677 2912
2677 2913
2677 3041
2677 2914
2677 2917
2677 2801
2677 2928
2677 2987
2677 2690
2677 2944
2677 2945
2677 2947
2677 2684
2677 3065
2677 2961
2677 3079
2677 2967
2677 2840
3023 3034
3023 3048
3023 3175
3023 3285
3023 3099
3023 3340
3023 3065
3023 3388
3023 3349
3023 3364
3023 3143
3023 3079
3023 3227
3023 3363
3023 3109
3023 3097
3023 3118
3023 3150
3023 3091
3023 3196
3023 3427
3023 3185
3023 3167
3023 3041
3023 3053
3023 3436
3023 3055
3023 3026
3023 3027
3023 3233
2944 3057
2944 3030
2944 2961
2944 2945
2944 2970
2944 3097
2944 2967
2944 3221
2944 3024
2944 2946
2944 3023
2944 3349
2944 3294
2944 3086
2944 3302
2944 3066
2944 3244
2944 3285
2944 3227
2944 3109
2944 3427
2944 3079
2944 2987
2944 3364
2944 3074
2944 3136
2944 3214
2944 3001
2944 3434
2944 3229
2944 2975
2944 3233
2944 3055
2944 3418
2868 3057
2868 3023
2868 3150
2868 2961
2868 3065
2868 2947
2868 3074
2868 2945
2868 2944
2868 3325
2868 2917
2868 2914
2868 2911
2868 2908
2868 2907
2868 2932
2868 3400
2868 2987
2868 2910
2868 3418
2868 2946
2868 3099
2868 2921
2868 3175
2868 3302
2868 3244
2868 3388
2868 2916
2868 2975
2868 3364
2868 3294
2868 2881
2868 3086
2868 3027
2868 3196
2868 3118
2868 2941
2868 3427
2868 3079
2868 3214
2868 3001
2868 3185
2868 2926
2868 3434
2868 3005
2868 2878
2868 2928
2868 3055
2868 3024
2868 2920
2868 2929
2868 3159
2868 3233
2868 2898
3133 3292
3133 3289
3133 3281
3133 3268
3133 3253
3133 3240
3133 3202
3133 3186
3133 3155
3133 3153
3133 3146
3133 3180
3133 3248
3133 3356
3133 3336
3133 3322
3133 3435
3133 3317
3133 3417
3133 3412
3133 3321
3133 3345
3133 3398
3133 3420
3133 3333
3133 3392
3133 3397
3133 3382
3133 3351
3133 3298
3133 3147
3133 3170
3133 3297
3133 3278
3133 3151
3133 3348
3133 3352
3133 3207
3133 3266
3133 3189
3133 3331
2929 3030
2929 3001
2929 2961
2929 2947
2929 3074
2929 2946
2929 2945
2929 2944
2929 2941
2929 2989
2929 2930
2929 3057
2929 3175
2929 3388
2929 2975
2929 3400
2929 2987
2929 3418
2929 3434
2929 2986
2929 3364
2929 3120
2929 3294
2929 3196
2929 3118
2929 3427
2929 3079
2929 3097
2929 3258
2929 3385
2929 3244
2929 3365
2929 3034
2929 3105
2929 2978
2929 3436
2929 3055
2929 2994
2929 3085
2929 3221
2929 2967
2929 3027
2929 3091
2929 2957
2801 3001
2801 2989
2801 2967
2801 2840
2801 3221
2801 2961
2801 2945
2801 2944
2801 3325
2801 2920
2801 2970
2801 3097
2801 2911
2801 2907
2801 3034
2801 2957
2801 2898
2801 2881
2801 3285
2801 2811
2801 2929
2801 3427
2801 2928
2801 2987
2801 2816
2801 3251
2801 3074
2801 3214
2801 3349
2801 3175
2801 3057
2801 2946
2801 3418
2801 3120
2801 3099
2801 2863
2801 3079
2801 3364
2801 2926
2801 3434
2801 3086
2801 3027
2801 2828
2801 2865
2801 3136
2801 2873
2801 2941
2801 2913
2801 3005
2801 2878
2801 2891
2801 3024
2801 3091
2801 2914
2801 3041
2801 3233
2801 2807
2801 2975
2801 2917
2801 2868
2911 3001
2911 2989
2911 2970
2911 2967
2911 3221
2911 2961
2911 2945
2911 2944
2911 2941
2911 2921
2911 3175
2911 2920
2911 2917
2911 2912
2911 3034
2911 2957
2911 3196
2911 3427
2911 2987
2911 2928
2911 3055
2911 3418
2911 2946
2911 3057
2911 3365
2911 3118
2911 3079
2911 3066
2911 3349
2911 3251
2911 3074
2911 3285
2911 3227
2911 3109
2911 3120
2911 3364
2911 2926
2911 3434
2911 3091
2911 2914
2911 3233
2911 2975
2911 3065
2911 2929
2911 2986
3036 3268
3036 3253
3036 3240
3036 3202
3036 3186
3036 3153
3036 3205
3036 3146
3036 3180
3036 3121
3036 3248
3036 3116
3036 3103
3036 3102
3036 3356
3036 3083
3036 3071
3036 3050
3036 3039
3036 3420
3036 3336
3036 3114
3036 3052
3036 3435
3036 3317
3036 3199
3036 3331
3036 3398
3036 3281
3036 3392
3036 3379
3036 3382
3036 3321
3036 3117
3036 3361
3036 3354
3036 3289
3036 3345
3036 3298
3036 3147
3036 3133
3036 3170
3036 3297
3036 3417
3036 3278
3036 3151
3036 3183
3036 3348
3036 3352
3036 3207
3036 3266
2665 3030
2665 3005
2665 2878
2665 2751
2665 2967
2665 2840
2665 2961
2665 2941
2665 2989
2665 2930
2665 2921
2665 3175
2665 2920
2665 2917
2665 2970
2665 3097
2665 2911
2665 2909
2665 2907
2665 3034
2665 2898
2665 2926
2665 3091
2665 2695
2665 3285
2665 3105
2665 2987
2665 2756
2665 2913
2665 2836
2665 2718
2665 3099
2665 2863
2665 2778
2665 3427
2665 2807
2665 3065
2665 3385
2665 2750
2665 3340
2665 3388
2665 2739
2665 2916
2665 2975
2665 3349
2665 3364
2665 2774
2665 3325
2665 3143
2665 2891
2665 2816
2665 3251
2665 3227
2665 3363
2665 3109
2665 2755
2665 2932
2665 3079
2665 3196
2665 3150
2665 3023
2665 2758
2665 2699
2665 2865
2665 3233
2665 2783
2665 2910
2665 2677
2665 3185
2665 2873
2665 2746
2665 2787
2665 3041
2665 2674
2665 3055
2665 2801
2665 3305
2665 2670
2665 2906
2665 2867
3349 3364
3349 3385
3349 3388
3349 3436
3349 3427
2937 3173
2937 3114
2937 3161
2937 3102
2937 3397
2937 3146
2937 3107
2937 3225
2937 3052
2937 2993
2937 2990
2937 3036
2937 3331
2937 3153
2937 3356
2937 3061
2937 3083
2937 3199
2937 3435
2937 3379
2937 2938
2937 3292
2937 3299
2937 3268
2937 3333
2937 3345
2937 3321
2937 3262
2937 2974
2937 3387
2937 3039
2937 3155
2937 3348
2937 3171
2937 3289
2937 3398
2778 3001
2778 2989
2778 2967
2778 2840
2778 3221
2778 2961
2778 2945
2778 2944
2778 2987
2778 2928
2778 2801
2778 3055
2778 2920
2778 2917
2778 2912
2778 2970
2778 3097
2778 2911
2778 2909
2778 2907
2778 3005
2778 2946
2778 2828
2778 2865
2778 2787
2778 3023
2778 2816
2778 3099
2778 2921
2778 2986
2778 2868
2778 3400
2778 3388
2778 3229
2778 2975
2778 3349
2778 3285
2778 3227
2778 3109
2778 2873
2778 3079
2778 3196
2778 3057
2778 3086
2778 3364
2778 3074
2778 2897
2778 3427
2778 2851
2778 3418
2778 2783
2778 2910
2778 2941
2778 3185
2778 2913
2778 3434
2778 2926
2778 3233
2778 3305
2778 2807
2778 3065
2778 2811
2778 2929
2778 3159
2778 2898
2751 2989
2751 2967
2751 2840
2751 2961
2751 2945
2751 2944
2751 3325
2751 2921
2751 3048
2751 2913
2751 2912
2751 2970
2751 3097
2751 2911
2751 2910
2751 2783
2751 2907
2751 3034
2751 2957
2751 2898
2751 3285
2751 2929
2751 2811
2751 3065
2751 2986
2751 2868
2751 3340
2751 2874
2751 2756
2751 3023
2751 3150
2751 3091
2751 3388
2751 2916
2751 2975
2751 3349
2751 3143
2751 3024
2751 2906
2751 3053
2751 3227
2751 3109
2751 2755
2751 2873
2751 2946
2751 3120
2751 2941
2751 3057
2751 2867
2751 3099
2751 3079
2751 3364
2751 3074
2751 2917
2751 2828
2751 2865
2751 2878
2751 2764
2751 2891
2751 3027
2751 2909
2751 3105
2751 2987
2751 2928
2751 2801
2751 2787
2751 2914
2751 3041
2751 3233
2751 3427
2751 2881
3253 3268
3253 3407
3253 3352
3253 3356
3253 3420
3253 3266
3253 3292
3253 3435
3253 3317
3253 3346
3253 3398
3253 3281
3253 3331
3253 3412
3253 3392
3253 3382
3253 3343
3253 3345
3253 3322
3253 3300
3253 3298
3253 3336
3253 3321
3253 3278
3253 3348
3253 3417
3052 3281
3052 3268
3052 3141
3052 3262
3052 3253
3052 3241
3052 3114
3052 3202
3052 3199
3052 3186
3052 3171
3052 3155
3052 3153
3052 3407
3052 3225
3052 3352
3052 3107
3052 3161
3052 3288
3052 3333
3052 3300
3052 3173
3052 3292
3052 3351
3052 3289
3052 3348
3052 3331
3052 3398
3052 3103
3052 3397
3052 3345
3052 3382
3052 3146
3052 3379
3052 3354
3052 3299
3052 3435
3052 3322
3052 3297
3052 3061
3052 3102
3052 3356
3052 3321
3052 3117
3052 3278
3052 3183
3052 3205
3052 3275
3052 3420
3052 3387
3052 3133
3052 3083
2779 3268
2779 3266
2779 3262
2779 3248
2779 3121
2779 3240
2779 3226
2779 3202
2779 3186
2779 3205
2779 2824
2779 3146
2779 3273
2779 3180
2779 3116
2779 3173
2779 3114
2779 3103
2779 3102
2779 3083
2779 2829
2779 3061
2779 3050
2779 3018
2779 3077
2779 3331
2779 2895
2779 3040
2779 2782
2779 3036
2779 3417
2779 3299
2779 2902
2779 3052
2779 2993
2779 3288
2779 3253
2779 3017
2779 3398
2779 3423
2779 3382
2779 3379
2779 3352
2779 3351
2779 2864
2779 3346
2779 2992
2779 3275
2779 3420
2779 3333
2779 3397
2779 3281
2779 3298
2779 2854
2779 2850
2779 3435
2779 3336
2779 3151
2779 3278
2779 2905
2779 2876
2779 3112
2779 3147
2779 3170
2779 3133
2779 3321
2779 2940
2779 3117
2779 2882
2779 3378
2779 2870
2779 2834
2779 3183
2779 3348
2779 2797
3034 3057
3034 3065
3034 3175
3034 3041
3034 3097
3034 3285
3034 3099
3034 3066
3034 3079
3034 3086
3034 3340
3034 3118
3034 3400
3034 3388
3034 3349
3034 3365
3034 3109
3034 3227
3034 3196
3034 3364
3034 3143
3034 3251
3034 3239
3034 3229
3034 3120
3034 3150
3034 3053
3034 3305
3034 3436
3034 3055
3034 3233
3034 3427
2917 3048
2917 2921
2917 3175
2917 3041
2917 2967
2917 2961
2917 2947
2917 2945
2917 2944
2917 2929
2917 2920
2917 2970
2917 3097
2917 3034
2917 2986
2917 2926
2917 3364
2917 2946
2917 3065
2917 3099
2917 3066
2917 3057
2917 3400
2917 2987
2917 3388
2917 3349
2917 3143
2917 3285
2917 3130
2917 3251
2917 3227
2917 3109
2917 3118
2917 3196
2917 3427
2917 3079
2917 3086
2917 3340
2917 2975
2917 3229
2917 3091
2917 3150
2917 3023
2917 3055
2917 3305
2917 3233
2917 3418
2928 3001
2928 2989
2928 2967
2928 3221
2928 2961
2928 2957
2928 2947
2928 3074
2928 3005
2928 2946
2928 2945
2928 2944
2928 3325
2928 3048
2928 3034
2928 3023
2928 3285
2928 2986
2928 3388
2928 2975
2928 3030
2928 3349
2928 2929
2928 2987
2928 3364
2928 3239
2928 3109
2928 3120
2928 3118
2928 2941
2928 3066
2928 3427
2928 3097
2928 3079
2928 3053
2928 3434
2928 3057
2928 3340
2928 3086
2928 3027
2928 3185
2928 3055
2928 3091
2928 3041
2928 3233
2928 3418
2794 3268
2794 3141
2794 3241
2794 3240
2794 3202
2794 3155
2794 3028
2794 3153
2794 3407
2794 3121
2794 3248
2794 3116
2794 3225
2794 2971
2794 3352
2794 3107
2794 3161
2794 3102
2794 3356
2794 3083
2794 2829
2794 3050
2794 3039
2794 2854
2794 3090
2794 2864
2794 2951
2794 2902
2794 3207
2794 3052
2794 2993
2794 2938
2794 3292
2794 3351
2794 3199
2794 3022
2794 3317
2794 3435
2794 3298
2794 3331
2794 2992
2794 3346
2794 3398
2794 3333
2794 3392
2794 3281
2794 3397
2794 3345
2794 3354
2794 3348
2794 2876
2794 3322
2794 2850
2794 3343
2794 2937
2794 3336
2794 3278
2794 3151
2794 3321
2794 2940
2794 2990
2794 3117
2794 3147
2794 3061
2794 3071
2794 2834
2794 3170
2794 2974
2794 3387
2794 3133
2794 3289
2794 3253
2794 3036
2794 3417
3418 3434
3418 3436
3185 3227
3185 3214
3185 3325
3185 3364
3185 3418
3185 3388
3281 3297
3281 3435
3281 3351
3281 3292
3281 3289
3281 3423
3281 3397
3281 3345
3281 3398
3281 3420
3281 3361
3281 3333
3281 3392
3281 3382
3281 3299
3281 3321
3281 3379
3281 3298
3281 3352
3281 3331
3281 3348
3202 3240
3202 3407
3202 3205
3202 3273
3202 3248
3202 3361
3202 3356
3202 3417
3202 3331
3202 3292
3202 3351
3202 3262
3202 3268
3202 3435
3202 3317
3202 3420
3202 3412
3202 3321
3202 3253
3202 3398
3202 3281
3202 3392
3202 3379
3202 3266
3202 3207
3202 3382
3202 3345
3202 3298
3202 3352
3202 3278
3202 3297
3202 3348
2749 3225
2749 3107
2749 3343
2749 3161
2749 3102
2749 3117
2749 3412
2749 3199
2749 3141
2749 3083
2749 3071
2749 3248
2749 3052
2749 3155
2749 3039
2749 3050
2749 3345
2749 3241
2749 3300
2749 2902
2749 3253
2749 3398
2749 3321
2749 3379
2749 3292
2749 3351
2749 3322
2749 3387
2749 2974
2749 3336
2749 3361
2749 3407
2749 2937
2749 2794
2749 3090
2749 2854
2749 2870
2749 3061
2749 3356
2749 2766
2749 2992
2749 3346
2749 2754
2749 2990
2756 3023
2756 3150
2756 3015
2756 2995
2756 2986
2756 2961
2756 2945
2756 2944
2756 3325
2756 2941
2756 3048
2756 2921
2756 3175
2756 3302
2756 2930
2756 3057
2756 2929
2756 2912
2756 2911
2756 2910
2756 2783
2756 3418
2756 2957
2756 2898
2756 2881
2756 3233
2756 2906
2756 2917
2756 3388
2756 2926
2756 3434
2756 3099
2756 3066
2756 3097
2756 3400
2756 2987
2756 3349
2756 3364
2756 3079
2756 3340
2756 3251
2756 3065
2756 3239
2756 3229
2756 2816
2756 3285
2756 2913
2756 3167
2756 3227
2756 3109
2756 2873
2756 3196
2756 3118
2756 3120
2756 2758
2756 2867
2756 2994
2756 2828
2756 3034
2756 2907
2756 2778
2756 3159
2756 2914
2756 3041
2756 2891
2756 2878
2756 3085
2756 2967
2756 2840
2756 3027
2756 2928
2756 3055
2756 3436
2756 2801
2756 3091
2695 2989
2695 2967
2695 2840
2695 2961
2695 2707
2695 2947
2695 2945
2695 2944
2695 3325
2695 2929
2695 2921
2695 3175
2695 3302
2695 2920
2695 2911
2695 2909
2695 2957
2695 2898
2695 2897
2695 3024
2695 2881
2695 2863
2695 2828
2695 2906
2695 3305
2695 2774
2695 3364
2695 3196
2695 2783
2695 3418
2695 2914
2695 2787
2695 3023
2695 3150
2695 3091
2695 3034
2695 3388
2695 2739
2695 2916
2695 2975
2695 3065
2695 3066
2695 3001
2695 3349
2695 2756
2695 3365
2695 3143
2695 3251
2695 3285
2695 3227
2695 3109
2695 2755
2695 2873
2695 2778
2695 3427
2695 2807
2695 3097
2695 3079
2695 3057
2695 3340
2695 3086
2695 3105
2695 2987
2695 2750
2695 3385
2695 2913
2695 2718
2695 2836
2695 2926
2695 2816
2695 2758
2695 2865
2695 2917
2695 3233
2695 2764
2695 2941
2695 3005
2695 2751
2695 2878
2695 2928
2695 2801
3001 3057
3001 3418
3001 3221
3001 3159
3001 3124
3001 3388
3001 3167
3001 3294
3001 3120
3001 3364
3001 3363
3001 3239
3001 3024
3001 3227
3001 3214
3001 3105
3001 3150
3001 3091
3001 3118
3001 3079
3001 3434
3001 3097
3001 3086
3001 3027
3001 3233
3001 3349
3001 3175
3001 3030
3001 3074
3001 3365
3001 3136
3001 3055
3001 3436
3001 3258
3001 3026
3001 3085
3398 3407
3398 3420
3398 3417
3398 3435
3388 3400
3388 3436
3388 3427
3388 3418
3117 3202
3117 3186
3117 3153
3117 3180
3117 3121
3117 3248
3117 3361
3117 3189
3117 3170
3117 3297
3117 3420
3117 3417
3117 3199
3117 3292
3117 3351
3117 3207
3117 3266
3117 3352
3117 3240
3117 3299
3117 3259
3117 3268
3117 3273
3117 3412
3117 3253
3117 3398
3117 3333
3117 3392
3117 3281
3117 3397
3117 3298
3117 3171
3117 3348
3117 3345
3117 3382
3117 3435
3117 3322
3117 3262
3117 3321
3117 3336
3117 3147
3117 3133
3117 3331
3117 3151
3117 3183
2961 3001
2961 2989
2961 2967
2961 3325
2961 3434
2961 3048
2961 3175
2961 2970
2961 3097
2961 3418
2961 3034
2961 3105
2961 3400
2961 2987
2961 2986
2961 3015
2961 3251
2961 3074
2961 3057
2961 3066
2961 3150
2961 3023
2961 3388
2961 3349
2961 3365
2961 3118
2961 3427
2961 3079
2961 3130
2961 3285
2961 3227
2961 3109
2961 3364
2961 3159
2961 3041
2961 3120
2961 3233
2961 3185
2961 3005
2961 3065
2961 2975
2961 3229
3292 3298
3292 3407
3292 3352
3292 3361
3292 3356
3292 3348
3292 3417
3292 3435
3292 3398
3292 3346
3292 3397
3292 3345
3292 3392
3292 3321
3292 3379
3292 3354
3292 3343
3292 3322
3292 3331
3292 3300
3292 3333
3292 3336
3292 3387
2750 2945
2750 2944
2750 2921
2750 2920
2750 3097
2750 2941
2750 2912
2750 2909
2750 3027
2750 3086
2750 2906
2750 3427
2750 2778
2750 2751
2750 2928
2750 2987
2750 2755
2750 3109
2750 2787
2750 3023
2750 2995
2750 3349
2750 2970
2750 3057
2750 3048
2750 2874
2750 3150
2750 3143
2750 3221
2750 3364
2750 2975
2750 3365
2750 3340
2750 2961
2750 3079
2750 3418
2750 2811
2750 2840
2750 2910
2750 2957
2750 3074
2750 2897
2750 2865
2783 2989
2783 2986
2783 2961
2783 2957
2783 2945
2783 2944
2783 3325
2783 2917
2783 2912
2783 2970
2783 3097
2783 2911
2783 2910
2783 2907
2783 3034
2783 2897
2783 2863
2783 2840
2783 2967
2783 2828
2783 2816
2783 2925
2783 2807
2783 2921
2783 3048
2783 3175
2783 3302
2783 3105
2783 3400
2783 2987
2783 3364
2783 2836
2783 3427
2783 3015
2783 3251
2783 3091
2783 3065
2783 3027
2783 3079
2783 3086
2783 3340
2783 3150
2783 3023
2783 3349
2783 3385
2783 2913
2783 3365
2783 3143
2783 3053
2783 3285
2783 3227
2783 3109
2783 2873
2783 3388
2783 2916
2783 3214
2783 3196
2783 2867
2783 3185
2783 2865
2783 3005
2783 2878
2783 2928
2783 2801
2783 3055
2783 3026
2783 3085
2783 2914
2783 2787
2783 3041
2783 3305
2783 2906
2783 3233
2680 2961
2680 2957
2680 2945
2680 2930
2680 3057
2680 2925
2680 2921
2680 3175
2680 2917
2680 2912
2680 2970
2680 2911
2680 2897
2680 2947
2680 3074
2680 2888
2680 3015
2680 2881
2680 2863
2680 3244
2680 2840
2680 2967
2680 3221
2680 2954
2680 2836
2680 2929
2680 2811
2680 2684
2680 3027
2680 3091
2680 2908
2680 3085
2680 3427
2680 3418
2680 2756
2680 2690
2680 3325
2680 3030
2680 2774
2680 3364
2680 2989
2680 2995
2680 2941
2680 3434
2680 3239
2680 3005
2680 2751
2680 2987
2680 3143
2680 2907
2680 3294
2680 2932
2680 3196
2680 3340
2680 2986
2680 3079
2680 3185
2680 3109
2680 3363
2680 2764
2680 2891
2680 2682
2680 2874
2680 3001
2680 2778
2680 3159
2680 2757
2680 2906
2680 2730
2680 3365
2680 3120
2680 2739
2680 2916
2680 2755
2680 3136
2680 2787
2680 2758
2680 2994
2680 2865
2680 2742
2680 3105
2680 2978
2680 2928
2680 3436
2680 2801
2680 3055
2680 3385
2680 3258
2680 3026
2662 3225
2662 2717
2662 2971
2662 3352
2662 3202
2662 3186
2662 3173
2662 3170
2662 3297
2662 3155
2662 3153
2662 3407
2662 3180
2662 3121
2662 3248
2662 3116
2662 3103
2662 3102
2662 3356
2662 3083
2662 2829
2662 3077
2662 3331
2662 3050
2662 3039
2662 3420
2662 3036
2662 3417
2662 2781
2662 2771
2662 3183
2662 2675
2662 2902
2662 3207
2662 2794
2662 3266
2662 2938
2662 3292
2662 3351
2662 3199
2662 3317
2662 3435
2662 3262
2662 3273
2662 3298
2662 2905
2662 3141
2662 2992
2662 3253
2662 3398
2662 3275
2662 3333
2662 3392
2662 3281
2662 3397
2662 3345
2662 3382
2662 3361
2662 3348
2662 2876
2662 3412
2662 3321
2662 2940
2662 3354
2662 3322
2662 2850
2662 2951
2662 2864
2662 3336
2662 3117
2662 2990
2662 3147
2662 2766
2662 3061
2662 3022
2662 2895
2662 2779
2662 3133
2662 2854
2662 2709
2662 3240
2662 3071
2662 3189
2662 2743
2662 2870
2662 2834
2662 2720
2662 2974
2662 3278
2662 3151
2720 3241
2720 3114
2720 3202
2720 3186
2720 3205
2720 2824
2720 3146
2720 3180
2720 3121
2720 3116
2720 3107
2720 3103
2720 3102
2720 2721
2720 3356
2720 3083
2720 2829
2720 3080
2720 3207
2720 3061
2720 3040
2720 3036
2720 2798
2720 3052
2720 2794
2720 3133
2720 3387
2720 2779
2720 2895
2720 2743
2720 2870
2720 3378
2720 2937
2720 3173
2720 2938
2720 3292
2720 3351
2720 2993
2720 3288
2720 3018
2720 3077
2720 3331
2720 3268
2720 3289
2720 3407
2720 3348
2720 2876
2720 3112
2720 3299
2720 3240
2720 3423
2720 3281
2720 3397
2720 3345
2720 3253
2720 3398
2720 3259
2720 3346
2720 2992
2720 3275
2720 3333
2720 3392
2720 3379
2720 3382
2720 3354
2720 2864
2720 2834
2720 2974
2720 2797
2720 3151
2720 3278
2720 3183
2720 3321
2720 2940
2720 3117
2720 2882
2720 3263
2720 3170
2720 3171
2720 3298
2720 3435
2720 3262
2720 2754
2720 3226
2720 2854
2720 3352
3321 3407
3321 3361
3321 3356
3321 3351
3321 3423
3321 3397
3321 3345
3321 3398
3321 3346
3321 3333
3321 3382
3321 3379
3321 3354
3321 3348
3321 3322
3321 3435
3321 3378
3321 3387
2957 3167
2957 3294
2957 3434
2957 2994
2957 3244
2957 2967
2957 3221
2957 3041
2957 3418
2957 3085
2957 2989
2957 2961
2957 3079
2957 3115
2957 3233
2957 2970
2957 2987
2957 3364
2957 3325
2957 3030
2957 3363
2957 3239
2957 3196
2957 3118
2957 3427
2957 3340
2957 3385
2957 3388
2957 3185
2957 3048
2957 3175
2957 3023
2957 2995
2957 3124
2957 3015
2957 3120
2957 3105
2957 2978
2957 3436
2957 3091
2957 3365
2957 2986
2957 3027
2957 3001
2670 2961
2670 2945
2670 2944
2670 2690
2670 3325
2670 2941
2670 2921
2670 3048
2670 3175
2670 3302
2670 2914
2670 2787
2670 3041
2670 2912
2670 2970
2670 3097
2670 2911
2670 2907
2670 3034
2670 2906
2670 2957
2670 2898
2670 2897
2670 2881
2670 2875
2670 2868
2670 2995
2670 2910
2670 2783
2670 2851
2670 3105
2670 3427
2670 2926
2670 2867
2670 2756
2670 2778
2670 3023
2670 3150
2670 3388
2670 2680
2670 2739
2670 3001
2670 2706
2670 3349
2670 3066
2670 3385
2670 2913
2670 3099
2670 3057
2670 3027
2670 2909
2670 2987
2670 2801
2670 3055
2670 2928
2670 3364
2670 3143
2670 2695
2670 3285
2670 3130
2670 2986
2670 3086
2670 3340
2670 3227
2670 3363
2670 3109
2670 2755
2670 3079
2670 2975
2670 3229
2670 2758
2670 2699
2670 2878
2670 2751
2670 3005
2670 2828
2670 2865
2670 3065
2670 2684
2670 2920
2670 2681
2670 2917
2670 3233
2670 2873
2670 2746
2670 2677
2670 3185
2670 3085
2670 2967
2670 2840
2987 3074
2987 3034
2987 3418
2987 3221
2987 3065
2987 3233
2987 3196
2987 3427
2987 3229
2987 2989
2987 3015
2987 3364
2987 3239
2987 3285
2987 3227
2987 3109
2987 3079
2987 3066
2987 3097
2987 3057
2987 3086
2987 3001
2987 3349
2987 3030
2987 3023
2987 3150
2987 3055
2987 3048
2987 3175
2987 3099
2987 3185
2987 3167
2987 3434
2987 3005
2945 3325
2945 3057
2945 3302
2945 3024
2945 3244
2945 2967
2945 3221
2945 3065
2945 3418
2945 3027
2945 3091
2945 3085
2945 3105
2945 2946
2945 2975
2945 3388
2945 3023
2945 3150
2945 3066
2945 2970
2945 3340
2945 3086
2945 3001
2945 3349
2945 3074
2945 3364
2945 3143
2945 3130
2945 2957
2945 3285
2945 3227
2945 3363
2945 3109
2945 3214
2945 3196
2945 2954
2945 3099
2945 3079
2945 3434
2945 3427
2945 3159
2945 3233
2945 3136
2945 3005
2945 2961
2945 3258
2945 3026
2742 2930
2742 2989
2742 2928
2742 2987
2742 2925
2742 2946
2742 3418
2742 2917
2742 2875
2742 2897
2742 2868
2742 2863
2742 3099
2742 2840
2742 2778
2742 2744
2742 3258
2742 2916
2742 2929
2742 2978
2742 3239
2742 2891
2742 3001
2742 3079
2742 3055
2742 3185
2742 3244
2742 2954
2742 3221
2742 2995
2742 3294
2742 3175
2742 3057
2742 3434
2742 2957
2742 3086
2742 3027
2742 3085
2742 2970
2742 2911
2742 2994
2742 2874
2742 2787
2742 2932
2742 2755
3079 3175
3079 3302
3079 3427
3079 3233
3079 3091
3079 3436
3079 3364
3079 3388
3079 3150
3079 3097
3079 3340
3079 3086
3079 3349
3079 3365
3079 3118
3079 3105
3079 3251
3079 3143
3079 3130
3079 3285
3079 3227
3079 3109
3079 3196
3079 3385
3079 3099
3079 3294
2967 3034
2967 3105
2967 3055
2967 3436
2967 3041
2967 3091
2967 3027
2967 3085
2967 2994
2967 3099
2967 3066
2967 3057
2967 3079
2967 3086
2967 3340
2967 2986
2967 3097
2967 3150
2967 3023
2967 3400
2967 2987
2967 3388
2967 3349
2967 2995
2967 3364
2967 3143
2967 3015
2967 3251
2967 3239
2967 3285
2967 3227
2967 3363
2967 3109
2967 3196
2967 3118
2967 3120
2967 3053
2967 3167
2967 3302
2967 3175
2967 3048
2967 3418
2967 3427
2967 3159
2967 3258
2967 3233
2967 3001
2787 2941
2787 2930
2787 2925
2787 2917
2787 2913
2787 3167
2787 3294
2787 2911
2787 2897
2787 2867
2787 2994
2787 2863
2787 3244
2787 2840
2787 2967
2787 3221
2787 2836
2787 2828
2787 2929
2787 2811
2787 2875
2787 3258
2787 3385
2787 2801
2787 2928
2787 3055
2787 3436
2787 3085
2787 3026
2787 2961
2787 2878
2787 3239
2787 2944
2787 3325
2787 3030
2787 2945
2787 3418
2787 2954
2787 2989
2787 2970
2787 3434
2787 2947
2787 3074
2787 3015
2787 2987
2787 3364
2787 3229
2787 3285
2787 2995
2787 3388
2787 2916
2787 3214
2787 3105
2787 2978
2787 3079
2787 3175
2787 3023
2787 2957
2787 3363
2787 2891
2787 3427
2787 3159
2787 3120
2787 3115
2787 3091
2787 2914
2787 3365
2787 3034
2787 2907
2787 2986
2787 3027
2787 2932
2787 2865
2787 3001
2787 2874
2787 2920
3199 3412
3199 3352
3199 3343
3199 3205
3199 3202
3199 3354
3199 3346
3199 3322
3199 3348
3199 3435
3199 3331
3199 3420
3199 3253
3199 3292
3199 3398
3102 3153
3102 3407
3102 3141
3102 3268
3102 3180
3102 3121
3102 3248
3102 3116
3102 3107
3102 3361
3102 3420
3102 3417
3102 3146
3102 3170
3102 3297
3102 3289
3102 3348
3102 3117
3102 3262
3102 3103
3102 3186
3102 3292
3102 3351
3102 3199
3102 3435
3102 3317
3102 3202
3102 3207
3102 3266
3102 3281
3102 3253
3102 3398
3102 3333
3102 3392
3102 3189
3102 3382
3102 3412
3102 3354
3102 3345
3102 3240
3102 3356
3102 3298
3102 3114
3102 3241
3102 3151
3102 3278
3102 3336
3102 3331
3102 3183
3102 3147
3102 3321
3102 3133
3102 3352
3102 3225
2743 3186
2743 3173
2743 3300
2743 3153
2743 3407
2743 3180
2743 3121
2743 3248
2743 3116
2743 3107
2743 3361
2743 3102
2743 3356
2743 3090
2743 3083
2743 2829
2743 3080
2743 3207
2743 3050
2743 3039
2743 3420
2743 3036
2743 2782
2743 3417
2743 3028
2743 3022
2743 2895
2743 3170
2743 3052
2743 2993
2743 2781
2743 3289
2743 2771
2743 3348
2743 3183
2743 2870
2743 3103
2743 2902
2743 3268
2743 3141
2743 2905
2743 3259
2743 2938
2743 3292
2743 3351
2743 3199
2743 3317
2743 3202
2743 3379
2743 3266
2743 2794
2743 3412
2743 2992
2743 3346
2743 3253
2743 3398
2743 3333
2743 3392
2743 3281
2743 3397
2743 3345
2743 3189
2743 3071
2743 3241
2743 3299
2743 3240
2743 3322
2743 2850
2743 3298
2743 2864
2743 2797
2743 3151
2743 3278
2743 3336
2743 2754
2743 3117
2743 2990
2743 2940
2743 3321
2743 3147
2743 2766
2743 3061
2743 2779
2743 2974
2743 3133
2743 2971
2743 3352
2743 3225
2743 3018
2743 3077
2743 3331
2743 2749
2743 2876
3083 3153
3083 3407
3083 3146
3083 3273
3083 3121
3083 3248
3083 3116
3083 3107
3083 3102
3083 3356
3083 3420
3083 3417
3083 3398
3083 3170
3083 3117
3083 3133
3083 3387
3083 3331
3083 3186
3083 3268
3083 3141
3083 3292
3083 3351
3083 3199
3083 3435
3083 3317
3083 3202
3083 3379
3083 3207
3083 3266
3083 3253
3083 3240
3083 3298
3083 3412
3083 3281
3083 3397
3083 3345
3083 3392
3083 3382
3083 3343
3083 3348
3083 3322
3083 3346
3083 3114
3083 3241
3083 3173
3083 3300
3083 3333
3083 3151
3083 3278
3083 3336
3083 3183
3083 3321
3083 3205
3083 3147
3083 3225
3083 3352
3066 3400
3066 3109
3066 3227
3066 3185
3066 3302
3066 3086
3066 3434
3066 3175
3066 3233
3066 3097
3066 3196
3066 3363
3066 3364
3066 3388
3066 3285
3066 3229
3066 3079
3364 3427
3364 3418
3364 3388
3364 3400
3364 3434
2840 2912
2840 2911
2840 2907
2840 3034
2840 2897
2840 3024
2840 2881
2840 2863
2840 3065
2840 2914
2840 3041
2840 2891
2840 2868
2840 2910
2840 3418
2840 3427
2840 2878
2840 3005
2840 3105
2840 2906
2840 3305
2840 2909
2840 3027
2840 2908
2840 3026
2840 2961
2840 3159
2840 2873
2840 3136
2840 3233
2840 2928
2840 3055
2840 2865
2840 2921
2840 3175
2840 2867
2840 2920
2840 3388
2840 2975
2840 3229
2840 3023
2840 3150
2840 3066
2840 3097
2840 2970
2840 3057
2840 3079
2840 3086
2840 3340
2840 2986
2840 3001
2840 3030
2840 3349
2840 3365
2840 3118
2840 2941
2840 2987
2840 3364
2840 3143
2840 3251
2840 3239
2840 3325
2840 2944
2840 3196
2840 3363
2840 3109
2840 3227
2840 3285
2840 3221
2840 2967
2840 2957
2840 3074
2840 2947
2840 2946
2840 2945
2840 2929
2840 2926
2840 3434
2840 3053
2840 2925
2840 2917
2840 3099
2840 3120
2840 3214
2840 3185
2840 2913
2840 3294
3041 3427
3041 3400
3041 3143
3041 3109
3041 3227
3041 3091
3041 3150
3041 3233
3041 3175
3041 3048
3041 3065
3041 3388
3041 3099
3041 3066
3041 3118
3041 3097
3041 3285
3041 3349
3041 3363
3041 3340
3041 3196
2994 2995
2994 3085
2994 3091
2994 3150
2994 3418
2994 3363
2994 3048
2994 3105
2994 3030
2994 3233
2994 3124
2994 3385
2994 3120
2994 3159
2994 3196
2994 3167
2994 3138
2994 3239
2994 3258
2994 3427
2994 3227
2994 3436
2994 3388
2994 3034
2994 3340
2994 3015
2994 3027
3085 3365
3085 3340
3085 3294
3085 3167
3085 3434
3085 3418
3085 3363
3085 3388
3085 3427
3085 3124
3085 3138
3085 3325
3085 3436
3085 3091
3085 3150
3085 3105
3085 3115
3085 3233
3085 3120
3085 3159
3085 3239
3085 3244
3085 3258
3085 3385
3091 3294
3091 3418
3091 3105
3091 3434
3091 3115
3091 3233
3091 3388
3091 3364
3091 3325
3091 3143
3091 3363
3091 3436
3091 3340
3091 3258
3091 3385
3091 3239
3091 3196
3091 3159
3091 3138
3091 3124
3091 3251
3091 3120
3091 3427
3091 3221
3091 3365
3167 3239
3167 3340
3167 3175
3167 3233
1685 3254
1685 2713
1685 3248
1685 2707
1685 3241
1685 3240
1685 2699
1685 3229
1685 3226
1685 2685
1685 3225
1685 2684
1685 3207
1685 3205
1685 3180
1685 3175
1685 3161
1685 3153
1685 3151
1685 3147
1685 3146
1685 3143
1685 3141
1685 3137
1685 3136
1685 3118
1685 3117
1685 3116
1685 3115
1685 3114
1685 3112
1685 3109
1685 3105
1685 3103
1685 3102
1685 3099
1685 3090
1685 3088
1685 3083
1685 3080
1685 3079
1685 3078
1685 3077
1685 3074
1685 3071
1685 3066
1685 3065
1685 3061
1685 3057
1685 3053
1685 3052
1685 3050
1685 3048
1685 3041
1685 3034
1685 3030
1685 3027
1685 3026
1685 3024
1685 3022
1685 3020
1685 3019
1685 3018
1685 3017
1685 3005
1685 2995
1685 3251
1685 2994
1685 2993
1685 2992
1685 2990
1685 2967
1685 3150
1685 2766
1685 3023
1685 3221
1685 2680
1685 2937
1685 2834
1685 3091
1685 2974
1685 2717
1685 3258
1685 3001
1685 2844
1685 3385
1685 2975
1685 2798
1685 3055
1685 2925
1685 3365
1685 2824
1685 2951
1685 3085
1685 2828
1685 3087
1685 2830
1685 2850
1685 3107
1685 3364
1685 2978
1685 3262
1685 2721
1685 2854
1685 3120
1685 2863
1685 2864
1685 3121
1685 3378
1685 2865
1685 3379
1685 2867
1685 3124
1685 2868
1685 3382
1685 2888
1685 2895
1685 3436
1685 2665
1685 2902
1685 3159
1685 2911
1685 3169
1685 2912
1685 2662
1685 2919
1685 2916
1685 3173
1685 3170
1685 2913
1685 3427
1685 2917
1685 3177
1685 2920
1685 2893
1685 3434
1685 2926
1685 3183
1685 2930
1685 3336
1685 3343
1685 3086
1685 3345
1685 2932
1685 2675
1685 3189
1685 3346
1685 2933
1685 3347
1685 2907
1685 3288
1685 2774
1685 3351
1685 3356
1685 3361
1685 3420
1685 2906
1685 3163
1685 3302
1685 3363
1685 3367
1685 3349
1685 3202
1685 2945
1685 3435
1685 2921
1685 3178
1685 3317
1685 3388
1685 2874
1685 3418
1685 2946
1685 3413
1685 3354
1685 2840
1685 3097
1685 2941
1685 3400
1685 3387
1685 2873
1685 3130
1685 3412
1685 2898
1685 3155
1685 3294
1685 2718
1685 3259
1685 3386
1685 3268
1685 2754
1685 3340
1685 3281
1685 3398
1685 3397
1685 3333
1685 3331
1685 2690
1685 2947
1685 3325
1685 2940
1685 3197
1685 3321
1685 3348
1685 2807
1685 3289
1685 2897
1685 3278
1685 3275
1685 2851
1685 3392
1685 2878
1685 3265
1685 3263
1685 2749
1685 3257
1685 2743
1685 2875
1685 3256
1685 2742
1685 3357
1685 2816
1685 2695
1685 2952
1685 2881
1685 3138
1685 2719
1685 3233
1685 2905
1685 2778
1685 2751
1685 3292
1685 2944
1685 3417
1685 2876
1685 3133
1685 2714
1685 2971
1685 3199
1685 2744
1685 3285
1685 2771
1685 3028
1685 2956
1685 3299
1685 2758
1685 3015
1685 2729
1685 2986
1685 2720
1685 3234
1685 2779
1685 3036
1685 2929
1685 3186
1685 2910
1685 3167
1685 2783
1685 3040
1685 3266
1685 2725
1685 3239
1685 2836
1685 2709
1685 3407
1685 2866
1685 2739
1685 3253
1685 2829
1685 3370
1685 2702
1685 3273
1685 2732
1685 2989
1685 2928
1685 3185
1685 2801
1685 2674
1685 3188
1685 2706
1685 2677
1685 2681
1685 2938
1685 2682
1685 3196
1685 2970
1685 3227
1685 2811
1685 3352
1685 2870
1685 2730
1685 2987
1685 3244
1685 2731
1685 2746
1685 3003
1685 2750
1685 2909
1685 3423
1685 2882
1685 2782
1685 3039
1685 3296
1685 2755
1685 3012
1685 3297
1685 2756
1685 3298
1685 2757
1685 2759
1685 3300
1685 2891
1685 2764
1685 3305
1685 2908
1685 3322
1685 2781
1685 2914
1685 3171
1685 2787
1685 3208
1685 2667
1685 2794
1685 2670
1685 2797
1685 2954
1685 2957
1685 2673
1685 3214
1685 2961
2730 2957
2730 2929
2730 2811
2730 2995
2730 2908
2730 3026
2730 3085
2730 2978
2730 2891
2730 3363
2730 2888
2730 3124
2730 2994
2730 2878
2730 2875
2730 2863
2730 2774
2730 3364
2730 2874
2730 2756
2730 3091
2730 3120
2730 3294
2730 3136
2730 3159
2730 3115
2730 3434
2730 3167
2730 3138
2730 3258
2730 3105
2730 3365
2730 2989
2730 2930
2730 3385
2730 3418
2730 3074
2730 3001
2730 2787
2730 3436
2730 2744
2730 2732
2730 3027
2730 2945
2730 2916
2730 2739
2755 2945
2755 2944
2755 3325
2755 2917
2755 2912
2755 2911
2755 2909
2755 2907
2755 3034
2755 2898
2755 2897
2755 3024
2755 2891
2755 2764
2755 2881
2755 2878
2755 3005
2755 2873
2755 2863
2755 3244
2755 2840
2755 2967
2755 3221
2755 2929
2755 2811
2755 3065
2755 2867
2755 2913
2755 3167
2755 3294
2755 3185
2755 2941
2755 2910
2755 2783
2755 3418
2755 2851
2755 3105
2755 2928
2755 2801
2755 3055
2755 3138
2755 2757
2755 2916
2755 2989
2755 2875
2755 3026
2755 3066
2755 3057
2755 3027
2755 3079
2755 3086
2755 3340
2755 2868
2755 3023
2755 2787
2755 3400
2755 2987
2755 3364
2755 3143
2755 3130
2755 3229
2755 2975
2755 3091
2755 3001
2755 3030
2755 3349
2755 3233
2755 3251
2755 3434
2755 3053
2755 2758
2755 3285
2755 3227
2755 3363
2755 3109
2755 3196
2755 2920
2755 3097
2755 2970
2755 2957
2755 2946
2755 3427
2755 2778
2755 2756
2755 3258
2755 3175
2755 2921
2755 2836
2755 2961
2755 2865
2755 2807
2684 3365
2684 2730
2684 3302
2684 3294
2684 3388
2684 2916
2684 2742
2684 2787
2684 2932
2684 2755
2684 2875
2684 2978
2684 3105
2684 3436
2684 2928
2684 3364
2684 2774
2684 3434
2684 2888
2684 3124
2684 3427
2684 2907
2684 3418
2684 2946
2684 2863
2684 2811
2684 3239
2684 2891
2684 3363
2684 2757
2684 3138
2684 2732
2684 3027
2684 2744
2684 2945
2684 2954
2684 2957
2684 2840
2684 3221
2684 2967
2684 3026
2684 3085
2684 2994
2684 2868
2684 2995
2684 2874
2684 3001
2684 3030
2684 2944
2684 2690
2684 3325
2684 3091
2684 3097
2684 2739
2684 3120
2684 3159
2684 3233
2684 3258
2874 3239
2874 3175
2874 3048
2874 3167
2874 3294
2874 3159
2874 3124
2874 3120
2874 3233
2874 3115
2874 2906
2874 2875
2874 3055
2874 3436
2874 3023
2874 3150
2874 2914
2874 3091
2874 3227
2874 2932
2874 2878
2874 3418
2874 3340
2874 2989
2874 2930
2874 3388
2874 2916
2874 3034
2874 3363
2874 2891
2874 3365
2874 2929
2874 3349
2874 2995
2874 3138
2874 3079
2874 3027
2874 2912
2874 3030
2874 3105
2874 2978
2874 3385
2874 3258
2874 2994
2874 3053
2874 3434
2874 2954
2874 2957
2874 2967
2874 3085
2874 3001
2874 3015
2878 2967
2878 2945
2878 2944
2878 3325
2878 2941
2878 2930
2878 2921
2878 3048
2878 3175
2878 2920
2878 2914
2878 3041
2878 2912
2878 2970
2878 3097
2878 2911
2878 2909
2878 2957
2878 2898
2878 2897
2878 2891
2878 2888
2878 2881
2878 2917
2878 2975
2878 2916
2878 2913
2878 3185
2878 3091
2878 3115
2878 3233
2878 3118
2878 3150
2878 3023
2878 3400
2878 2987
2878 3388
2878 3074
2878 3251
2878 3364
2878 3027
2878 3143
2878 3034
2878 2907
2878 3363
2878 3001
2878 3030
2878 3349
2878 3079
2878 3138
2878 3340
2878 2995
2878 2986
2878 3065
2878 3239
2878 2926
2878 3053
2878 3285
2878 3227
2878 3196
2878 2910
2878 3005
2878 3099
2878 2954
2878 2906
2878 3427
2878 2961
2878 3055
2878 3105
2732 3027
2732 3085
2732 3026
2732 3258
2732 2994
2732 2989
2732 3159
2732 3124
2732 3115
2732 3091
2732 3167
2732 3138
2732 2891
2732 2874
2732 2787
2732 2957
2732 2739
2891 3030
2891 3085
2891 3026
2891 3074
2891 3015
2891 3001
2891 2995
2891 2986
2891 2957
2891 2954
2891 3048
2891 2921
2891 2989
2891 2930
2891 2929
2891 3091
2891 2914
2891 2913
2891 3167
2891 3294
2891 2978
2891 3105
2891 2910
2891 3418
2891 3388
2891 2916
2891 3115
2891 3233
2891 3363
2891 2928
2891 3436
2891 3349
2891 3340
2891 3325
2891 3143
2891 3365
2891 3034
2891 2907
2891 3227
2891 2932
2891 3159
2891 3150
2891 3244
2891 3385
2891 3124
2891 3005
2891 2994
2891 3053
2891 3434
2891 2920
2891 3427
2891 3120
2891 2906
2891 3138
2891 3079
2891 3027
2891 2911
2916 3030
2916 3027
2916 3074
2916 3015
2916 3001
2916 2995
2916 2967
2916 2957
2916 2954
2916 2944
2916 3325
2916 3048
2916 3175
2916 2989
2916 2930
2916 2929
2916 2925
2916 3079
2916 3138
2916 3364
2916 3294
2916 3085
2916 3244
2916 3385
2916 3091
2916 3363
2916 3233
2916 3115
2916 3227
2916 2932
2916 3214
2916 3097
2916 2920
2916 3196
2916 3118
2916 3159
2916 3053
2916 3434
2916 3005
2916 2928
2916 3055
2916 3436
2916 2978
2916 3105
2916 3418
2916 3365
2916 3034
2916 3065
3026 3085
3026 3027
3026 3030
3026 3436
3026 3091
3026 3105
3026 3159
3026 3136
3026 3120
3026 3239
3026 3363
3026 3364
3026 3074
3026 3115
3026 3167
3026 3138
3026 3258
3026 3427
3026 3124
3124 3258
3124 3159
3124 3167
3124 3138
3159 3364
3159 3221
3159 3294
3159 3233
3159 3349
3159 3196
3159 3167
3159 3239
3159 3434
3159 3418
3233 3325
3233 3302
3233 3418
3233 3388
3233 3349
3233 3258
3233 3364
3233 3285
3233 3340
3233 3427
2739 3120
2739 3233
2739 3115
2739 3105
2739 2978
2739 3091
2739 3085
2739 3026
2739 3001
2739 2874
2739 2995
2739 3427
2739 2897
2739 2875
2739 3365
2739 2774
2739 3364
2739 2758
2739 2787
2739 2865
2739 3363
2739 2891
2739 3015
2739 2888
2739 3124
2739 3294
2739 2836
2739 2954
2739 3239
2739 3418
2739 2946
2739 3099
2739 2863
2739 3244
2739 3258
2739 3385
2739 2757
2739 3138
2739 2961
2739 3027
2739 2912
2739 3030
2739 2916
2739 2975
2739 2742
2739 2755
2739 2932
2739 2744
2739 2925
2739 3434
2739 2926
2739 3221
2739 2840
2739 2929
2739 2930
2739 2989
2739 2945
2739 3005
2739 2878
2739 2957
2739 2970
3027 3048
3027 3302
3027 3091
3027 3167
3027 3294
3027 3418
3027 3085
3027 3340
3027 3214
3027 3099
3027 3105
3027 3115
3027 3233
3027 3258
3027 3385
3027 3124
3027 3159
3027 3364
3027 3325
3027 3363
3027 3436
3027 3349
3027 3427
3027 3239
3027 3227
3027 3196
3027 3388
3027 3185
3027 3120
3027 3053
3027 3365
3027 3034
3027 3138
3027 3079
3027 3097
3105 3244
3105 3120
3105 3233
3105 3115
3105 3363
3105 3138
3105 3436
3105 3385
3105 3294
3105 3364
3105 3325
3105 3340
3105 3427
3105 3365
3105 3418
3105 3124
3115 3120
3115 3436
3115 3124
3115 3427
3115 3365
3115 3167
3115 3138
3115 3363
3258 3436
3258 3294
3258 3363
3258 3365
3258 3427
3258 3434
3258 3388
3138 3258
3138 3427
3138 3233
3138 3159
3138 3167
