k : 19
Overall running time: 3.50852s.
diameter : 3
max_attr : 12
min_attr : 7
attribute delta : 5
final attribute distribution : 
7 10 8 9 12 7 


ans.V.size: 90
361 1
652 0
546 3
633 0
388 4
564 1
670 1
393 1
581 5
538 1
524 0
433 5
539 4
578 4
485 0
461 3
403 0
521 2
516 4
528 5
409 2
508 5
607 0
367 0
364 3
636 5
457 2
504 3
392 3
494 5
600 1
440 1
420 3
605 4
579 1
526 1
601 0
493 2
663 0
671 5
418 4
498 1
354 1
567 5
584 2
616 3
659 4
583 4
507 5
476 3
518 1
644 4
484 3
662 5
641 4
349 2
628 0
379 3
660 2
676 5
682 3
596 1
371 2
374 4
432 4
466 4
515 4
375 2
377 2
396 0
401 0
413 3
415 1
424 2
429 5
437 3
439 0
462 5
501 3
514 2
525 5
543 4
545 5
554 3
560 2
562 2
568 2
592 0
615 0
684 4

361 545
361 429
361 371
361 525
361 554
361 515
361 396
361 377
361 543
361 514
361 439
361 413
361 524
361 498
361 521
361 508
361 507
361 418
361 568
361 388
361 562
361 462
361 374
361 403
361 461
546 560
546 554
546 562
546 567
546 564
633 659
633 641
633 663
633 662
633 676
633 660
633 671
633 636
633 644
388 515
388 437
388 466
388 524
388 401
388 396
388 429
388 545
388 439
388 526
388 413
388 403
388 514
388 521
388 508
388 560
388 518
388 507
388 418
388 568
388 562
388 409
388 525
388 462
564 568
564 567
393 538
393 515
393 457
393 516
393 429
393 461
393 432
393 466
393 437
393 424
393 554
393 567
393 413
393 560
393 501
393 562
393 504
393 568
393 539
393 476
393 543
393 484
393 493
393 498
393 507
393 526
393 528
581 607
581 592
538 562
538 560
538 539
538 568
538 567
524 546
524 545
524 554
524 525
524 564
524 562
433 508
433 567
433 507
433 466
433 461
433 457
433 515
433 545
433 554
433 546
433 564
433 514
433 560
433 562
433 526
433 528
433 440
433 439
433 498
433 476
433 484
539 581
539 562
539 560
539 567
539 543
578 633
578 662
578 641
578 583
578 628
578 616
578 682
578 663
578 660
578 676
578 636
578 584
578 671
578 579
578 644
578 596
578 600
578 601
578 659
485 526
485 521
485 507
485 498
485 514
485 545
485 518
485 568
485 539
485 581
485 494
485 652
485 538
485 567
485 504
485 560
485 501
485 515
485 516
485 528
461 476
461 568
461 560
461 515
461 516
461 545
461 508
461 567
461 518
461 524
461 507
461 546
461 564
461 466
461 525
461 554
461 493
461 543
461 498
461 462
461 521
403 476
403 418
403 568
403 562
403 560
403 501
403 437
403 524
403 515
403 516
403 429
403 545
403 518
403 567
403 508
403 521
403 507
403 546
403 564
403 498
403 439
403 413
403 433
403 461
403 514
403 543
403 466
403 525
403 554
521 543
521 525
521 524
521 528
521 546
521 564
521 545
521 554
521 562
521 568
516 526
516 615
516 518
516 567
516 528
516 546
516 581
516 560
516 554
516 525
516 592
528 543
528 568
528 562
528 539
528 554
528 560
409 518
409 466
409 525
409 429
409 432
409 485
409 514
409 457
409 515
409 539
409 439
409 501
409 560
409 562
409 504
409 526
409 494
409 413
409 418
409 484
409 462
409 521
409 420
409 538
508 526
508 562
508 560
508 554
508 516
508 545
508 518
508 524
508 546
508 564
508 567
508 521
508 514
508 515
508 525
607 670
367 498
367 439
367 484
367 543
367 476
367 418
367 413
367 560
367 525
367 409
367 515
367 567
367 485
367 494
367 581
367 504
367 518
367 539
367 607
367 392
367 652
367 437
367 379
367 432
367 374
367 461
367 403
367 521
367 514
367 396
367 429
367 545
367 516
367 554
367 377
367 375
367 493
367 401
364 498
364 484
364 543
364 367
364 485
364 413
364 526
364 476
364 418
364 525
364 507
364 652
364 518
364 437
364 379
364 515
364 508
364 567
364 528
364 539
364 516
364 545
364 581
364 371
364 607
364 554
364 377
364 670
364 375
364 493
364 433
364 374
364 462
364 403
364 592
364 415
364 560
364 501
364 562
636 662
636 641
636 682
636 663
636 660
636 676
636 671
636 644
636 659
457 538
457 526
457 568
457 562
457 560
457 554
457 461
457 504
457 518
457 521
457 524
457 539
457 494
457 507
457 546
457 564
457 528
457 567
457 498
457 514
457 485
457 466
457 525
504 515
504 560
504 514
504 554
504 518
504 538
504 567
504 539
504 568
504 525
504 562
504 526
504 528
504 543
392 526
392 413
392 615
392 476
392 418
392 592
392 415
392 568
392 562
392 554
392 525
392 466
392 514
392 564
392 528
392 567
392 432
392 461
392 484
392 485
392 507
392 494
392 581
392 504
392 518
392 424
392 501
392 560
392 429
392 545
392 401
392 670
392 493
392 498
392 439
392 515
392 516
392 457
494 515
494 560
494 501
494 562
494 504
494 526
494 498
494 539
494 518
494 538
494 567
600 659
600 601
600 633
600 662
600 641
600 682
600 663
600 660
600 676
600 636
600 671
600 644
600 616
600 628
440 568
440 562
440 545
440 554
440 515
440 457
440 466
440 462
440 567
440 528
440 476
440 564
440 526
440 521
440 508
440 518
440 507
440 501
440 514
420 457
420 568
420 539
420 560
420 514
420 485
420 528
420 562
420 504
420 432
420 538
420 518
420 526
420 484
420 476
420 424
420 493
420 429
605 670
579 644
579 633
579 662
579 641
579 583
579 628
579 616
579 682
579 663
579 660
579 676
579 636
579 584
579 671
579 596
579 600
579 659
579 601
526 568
526 562
526 560
526 543
526 567
526 538
526 528
526 539
526 546
526 564
526 545
601 633
601 662
601 641
601 628
601 616
601 682
601 663
601 660
601 659
601 676
601 636
601 671
601 644
493 615
493 592
493 568
493 562
493 554
493 525
493 515
493 543
493 514
493 501
493 560
493 498
493 507
493 652
493 538
493 567
493 504
493 518
493 605
493 539
493 516
493 545
493 581
493 607
493 670
663 682
663 676
663 671
671 682
671 676
418 538
418 568
418 562
418 560
418 501
418 554
418 525
418 466
418 515
418 543
418 484
418 514
418 439
418 498
418 429
418 545
418 504
418 518
418 524
418 476
418 508
418 567
418 528
418 461
418 432
418 539
418 494
418 507
418 546
418 516
418 457
418 493
418 462
418 521
498 538
498 526
498 568
498 562
498 560
498 501
498 525
498 543
498 514
498 504
498 518
498 524
498 508
498 567
498 528
498 539
498 507
498 546
498 545
498 516
498 521
354 484
354 543
354 433
354 374
354 420
354 538
354 476
354 418
354 392
354 367
354 485
354 364
354 545
354 429
354 516
354 494
354 581
354 498
354 504
354 562
354 518
354 521
354 539
354 568
354 567
354 371
354 607
354 652
354 525
354 409
354 515
354 432
354 461
354 401
354 377
354 493
354 514
354 413
354 501
354 560
567 592
567 568
567 581
567 652
584 633
584 662
584 641
584 628
584 616
584 682
584 671
584 663
584 660
584 676
584 636
584 644
584 596
584 600
584 601
584 659
616 633
616 662
616 641
616 628
616 659
616 682
616 663
616 660
616 676
616 636
616 671
616 644
659 662
659 682
659 663
659 660
659 676
659 671
583 633
583 662
583 641
583 628
583 616
583 601
583 659
583 682
583 663
583 660
583 676
583 636
583 584
583 671
583 644
583 596
583 600
507 538
507 526
507 592
507 562
507 554
507 525
507 515
507 514
507 560
507 521
507 518
507 524
507 508
507 567
507 528
507 605
507 546
507 564
507 607
507 545
476 526
476 592
476 568
476 562
476 554
476 525
476 515
476 543
476 484
476 514
476 501
476 560
476 498
476 493
476 518
476 507
476 652
476 524
476 508
476 567
476 528
476 605
476 546
476 564
476 516
476 545
476 581
476 485
476 607
518 526
518 562
518 560
518 554
518 525
518 545
518 652
518 538
518 539
518 581
518 546
518 607
518 567
518 528
518 521
644 662
644 682
644 663
644 660
644 676
644 671
644 659
484 652
484 605
484 581
484 564
484 539
484 528
484 518
484 516
484 567
484 508
484 507
484 504
484 494
484 538
484 485
484 545
484 525
484 554
484 568
484 592
484 615
484 526
484 562
484 515
484 543
484 514
484 607
484 498
484 521
484 670
484 493
484 560
484 501
662 682
662 663
662 676
662 671
641 662
641 659
641 682
641 663
641 660
641 676
641 671
641 644
349 546
349 539
349 424
349 415
349 429
349 371
349 498
349 439
349 493
349 375
349 521
349 403
349 462
349 396
349 514
349 361
349 420
349 538
349 413
349 354
349 485
349 543
349 484
349 364
349 562
349 568
349 525
349 466
349 554
349 564
349 437
349 501
349 374
349 560
349 433
349 432
349 379
349 515
349 388
349 392
349 393
349 409
349 545
349 418
349 508
349 567
349 440
349 457
349 516
349 461
349 476
349 367
349 494
349 377
349 504
349 507
349 518
349 524
349 526
349 401
349 528
628 641
628 633
628 662
628 659
628 682
628 663
628 660
628 676
628 636
628 671
628 644
379 392
379 485
379 615
379 418
379 592
379 415
379 562
379 554
379 525
379 466
379 515
379 432
379 498
379 507
379 652
379 518
379 605
379 564
379 476
379 528
379 567
379 429
379 545
379 581
379 516
379 457
379 437
379 424
379 401
379 670
379 493
379 462
379 413
379 560
379 501
379 514
379 543
379 484
660 662
660 682
660 663
660 676
660 671
676 682
596 660
596 659
596 601
596 641
596 682
596 663
596 662
596 676
596 636
596 671
596 644
596 616
596 628
371 484
371 543
371 457
371 516
371 440
371 439
371 498
371 429
371 424
371 476
371 418
371 415
371 592
371 413
371 684
371 507
371 526
371 462
371 403
371 521
371 379
371 524
371 437
371 396
371 393
371 515
371 528
371 545
371 567
371 508
371 560
371 562
371 388
371 564
371 568
371 605
371 466
371 525
371 432
371 461
371 554
371 377
371 670
371 493
371 375
371 374
371 433
374 581
374 568
374 393
374 514
374 396
374 493
374 375
374 439
374 507
374 684
374 521
374 462
374 403
374 457
374 516
374 498
374 607
374 429
374 526
374 413
374 424
374 415
374 592
374 615
374 379
374 409
374 432
374 461
374 377
374 554
374 392
374 466
374 525
374 652
374 476
374 484
374 670
374 543
374 501
374 560
374 508
374 567
374 440
374 388
374 515
374 518
374 524
374 401
374 528
374 418
374 545
374 546
374 605
374 562
374 564
374 437
432 485
432 484
432 457
432 516
432 439
432 498
432 538
432 476
432 466
432 437
432 615
432 684
432 507
432 433
432 504
432 562
432 501
432 560
432 518
432 508
432 567
432 515
432 528
432 539
432 546
432 564
432 652
432 494
432 514
432 607
432 526
432 493
432 670
466 485
466 484
466 543
466 516
466 476
466 526
466 684
466 507
466 615
466 504
466 562
466 508
466 567
466 538
466 518
466 605
466 525
466 539
466 568
466 545
466 581
466 494
466 560
466 501
466 592
466 514
466 670
515 615
515 538
515 526
515 684
515 560
515 581
515 562
515 518
515 525
515 567
515 528
515 539
515 545
515 521
515 670
375 514
375 507
375 684
375 501
375 560
375 484
375 457
375 516
375 498
375 439
375 440
375 462
375 403
375 521
375 433
375 413
375 418
375 476
375 518
375 524
375 515
375 528
375 379
375 615
375 592
375 415
375 545
375 546
375 562
375 564
375 568
375 392
375 508
375 567
375 466
375 525
375 432
375 461
375 554
375 377
375 670
375 493
375 526
377 581
377 568
377 564
377 437
377 392
377 379
377 493
377 521
377 403
377 462
377 432
377 461
377 439
377 607
377 498
377 429
377 516
377 457
377 526
377 615
377 420
377 413
377 424
377 684
377 507
377 415
377 592
377 396
377 514
377 466
377 525
377 652
377 476
377 484
377 670
377 543
377 501
377 433
377 560
377 508
377 567
377 440
377 388
377 515
377 518
377 524
377 401
377 528
377 539
377 418
377 545
377 546
377 605
377 554
377 562
396 514
396 508
396 498
396 439
396 484
396 543
396 462
396 403
396 521
396 457
396 516
396 466
396 525
396 437
396 424
396 507
396 684
396 420
396 538
396 418
396 518
396 515
396 528
396 615
396 539
396 568
396 545
396 429
396 605
396 546
396 401
396 560
396 562
396 524
396 670
396 409
396 415
396 592
396 526
396 432
396 461
396 554
396 413
401 501
401 560
401 498
401 439
401 485
401 457
401 516
401 462
401 433
401 429
401 420
401 538
401 476
401 418
401 684
401 507
401 432
401 413
401 493
401 670
401 518
401 539
401 568
401 504
401 562
401 543
401 545
401 515
401 567
401 581
401 494
401 607
401 652
401 592
401 415
401 615
401 437
401 466
401 525
401 409
401 514
401 526
401 554
413 457
413 516
413 439
413 424
413 418
413 415
413 592
413 684
413 507
413 429
413 461
413 432
413 462
413 521
413 433
413 538
413 493
413 670
413 526
413 504
413 562
413 518
413 605
413 524
413 437
413 525
413 508
413 567
413 528
413 615
413 539
413 568
413 545
413 581
413 494
413 560
413 501
413 543
413 484
413 485
413 514
415 662
415 652
415 525
415 578
415 493
415 432
415 462
415 607
415 429
415 516
415 424
415 660
415 601
415 616
415 439
415 682
415 641
415 514
415 507
415 684
415 515
415 466
415 584
415 671
415 670
415 543
415 484
415 676
415 560
415 476
415 644
415 554
415 600
415 659
415 633
415 615
415 501
415 628
415 545
415 663
415 562
415 564
415 437
415 567
415 568
415 579
415 581
415 583
415 592
415 596
415 605
415 636
424 525
424 466
424 518
424 504
424 501
424 560
424 498
424 514
424 485
424 476
424 462
424 457
424 528
424 652
424 684
424 507
424 538
424 437
424 615
424 524
424 539
424 568
424 562
424 605
424 526
424 592
424 429
424 607
424 554
424 670
424 493
424 432
429 457
429 516
429 439
429 498
429 462
429 521
429 433
429 466
429 525
429 437
429 615
429 684
429 507
429 607
429 461
429 432
429 508
429 515
429 518
429 524
429 543
429 545
429 605
429 546
429 562
429 564
429 568
429 652
429 560
429 501
429 670
429 493
429 554
429 476
429 592
429 485
429 514
429 526
437 508
437 567
437 507
437 684
437 498
437 439
437 514
437 485
437 484
437 543
437 476
437 462
437 560
437 518
437 605
437 524
437 528
437 562
437 564
437 581
437 592
437 652
437 526
437 607
437 466
437 525
437 554
437 670
437 493
439 484
439 457
439 476
439 684
439 507
439 466
439 525
439 462
439 521
439 493
439 670
439 504
439 562
439 508
439 567
439 515
439 518
439 605
439 564
439 560
439 501
439 524
439 615
439 652
439 498
439 461
439 592
439 514
439 607
439 554
439 526
439 494
462 508
462 507
462 684
462 484
462 543
462 498
462 476
462 526
462 545
462 514
462 518
462 524
462 528
462 592
462 560
462 521
462 562
462 568
462 607
462 466
462 525
462 554
462 670
462 493
501 504
501 543
501 684
501 507
501 514
501 518
501 508
501 567
501 538
501 515
501 528
501 539
501 564
501 581
501 652
501 521
501 592
501 554
501 526
501 525
501 615
514 607
514 605
514 581
514 521
514 560
514 538
514 554
514 526
514 615
514 684
514 525
514 652
514 592
514 516
514 670
514 543
514 567
514 515
514 518
514 524
514 528
514 545
514 562
514 564
514 568
525 526
525 560
525 684
525 615
525 562
525 567
525 528
525 545
525 543
525 568
525 652
525 592
525 607
525 554
543 592
543 562
543 568
543 684
543 581
543 607
543 554
543 560
545 684
545 560
545 605
545 546
545 567
545 562
545 564
545 581
545 554
545 670
554 560
554 684
554 615
554 562
554 567
554 568
554 592
554 670
560 581
560 568
560 562
560 605
560 684
560 670
560 607
560 615
560 652
560 592
560 567
562 581
562 568
562 605
562 684
562 670
562 607
562 652
562 592
562 567
568 592
568 581
568 652
568 684
592 607
592 670
592 605
592 652
592 684
615 684
615 670
