k : 4



C.V.size: 22
45139 1
2799 1
24924 0
122569 1
25530 0
25531 0
24923 0
7292 2
18271 0
12819 0
106 1
123917 1
30435 2
49723 1
160177 1
106370 1
47529 0
174005 0
68366 0
16959 2
424047 2
103716 2

45139 174005
45139 122569
45139 68366
45139 49723
45139 123917
45139 47529
2799 122569
2799 160177
2799 106370
2799 68366
2799 49723
2799 45139
2799 18271
2799 123917
2799 12819
2799 30435
24924 424047
24924 174005
24924 45139
24924 25531
24924 47529
24924 103716
24924 25530
122569 160177
25530 25531
24923 25530
24923 25531
24923 24924
7292 25531
7292 24923
7292 25530
7292 24924
18271 122569
18271 45139
12819 122569
12819 18271
12819 45139
106 123917
106 45139
106 2799
30435 122569
30435 45139
49723 68366
106370 122569
106370 160177
47529 174005
16959 424047
16959 103716
16959 24924
103716 424047



C.V.size: 21
45139 1
2799 1
24924 0
122569 1
12819 0
18271 0
106 1
123917 1
30435 2
106370 1
160177 1
49723 1
47529 0
174005 0
68366 0
424047 2
16959 2
7292 2
103716 2
24923 0
25531 0

45139 174005
45139 122569
45139 68366
45139 49723
45139 123917
45139 47529
2799 122569
2799 160177
2799 106370
2799 68366
2799 49723
2799 45139
2799 18271
2799 123917
2799 12819
2799 30435
24924 424047
24924 174005
24924 45139
24924 25531
24924 47529
24924 103716
122569 160177
12819 122569
12819 18271
12819 45139
18271 122569
18271 45139
106 123917
106 45139
106 2799
30435 122569
30435 45139
106370 122569
106370 160177
49723 68366
47529 174005
16959 424047
16959 103716
16959 24924
7292 25531
7292 24923
7292 24924
103716 424047
24923 25531
24923 24924
Overall running time: 87.0536s.
diameter : 5
max_attr : 8
min_attr : 5
attribute delta : 3
