k : 4



C.V.size: 30
45139 1
2799 1
24924 0
30435 2
49723 1
122569 1
24923 0
18271 0
12819 0
7292 2
1762 1
1763 1
25530 0
288255 0
660005 0
30434 0
31485 0
25531 0
174005 0
106 1
123917 1
68366 0
47529 0
106370 1
103716 2
424047 2
16959 2
187025 1
39996 1
160177 1

45139 174005
45139 122569
45139 68366
45139 49723
45139 123917
45139 47529
2799 122569
2799 160177
2799 106370
2799 68366
2799 49723
2799 18271
2799 123917
2799 12819
2799 30435
2799 45139
24924 424047
24924 174005
24924 45139
24924 25531
24924 47529
24924 103716
24924 25530
30435 660005
30435 288255
30435 122569
30435 31485
30435 45139
49723 68366
49723 187025
122569 160177
24923 25530
24923 25531
24923 24924
18271 122569
18271 45139
12819 122569
12819 18271
12819 45139
7292 25531
7292 24923
7292 25530
7292 24924
1762 187025
1762 39996
1762 49723
1762 1763
1763 39996
1763 49723
1763 187025
25530 25531
288255 660005
30434 660005
30434 31485
30434 288255
30434 30435
31485 660005
31485 288255
106 123917
106 2799
106 45139
47529 174005
106370 122569
106370 160177
103716 424047
16959 424047
16959 103716
16959 24924
39996 49723



C.V.size: 29
45139 1
2799 1
24924 0
30435 2
122569 1
49723 1
31485 0
18271 0
12819 0
1763 1
1762 1
30434 0
660005 0
288255 0
187025 1
24923 0
106 1
123917 1
47529 0
68366 0
174005 0
25530 0
160177 1
39996 1
103716 2
424047 2
16959 2
7292 2
106370 1

45139 174005
45139 122569
45139 68366
45139 49723
45139 123917
45139 47529
2799 122569
2799 160177
2799 106370
2799 68366
2799 49723
2799 18271
2799 123917
2799 12819
2799 30435
2799 45139
24924 424047
24924 174005
24924 45139
24924 47529
24924 103716
24924 25530
30435 660005
30435 288255
30435 122569
30435 31485
30435 45139
122569 160177
49723 68366
49723 187025
31485 660005
31485 288255
18271 122569
18271 45139
12819 122569
12819 18271
12819 45139
1763 39996
1763 49723
1763 187025
1762 187025
1762 39996
1762 49723
1762 1763
30434 660005
30434 31485
30434 288255
30434 30435
288255 660005
24923 25530
24923 24924
106 123917
106 2799
106 45139
47529 174005
39996 49723
103716 424047
16959 424047
16959 103716
16959 24924
7292 24923
7292 25530
7292 24924
106370 122569
106370 160177



C.V.size: 28
45139 1
2799 1
24924 0
30435 2
122569 1
49723 1
12819 0
18271 0
288255 0
660005 0
30434 0
31485 0
106 1
123917 1
47529 0
174005 0
424047 2
68366 0
103716 2
16959 2
7292 2
1763 1
1762 1
24923 0
25530 0
160177 1
39996 1
106370 1

45139 174005
45139 122569
45139 68366
45139 49723
45139 123917
45139 47529
2799 122569
2799 160177
2799 106370
2799 68366
2799 49723
2799 18271
2799 123917
2799 12819
2799 30435
2799 45139
24924 424047
24924 174005
24924 45139
24924 47529
24924 103716
24924 25530
30435 660005
30435 288255
30435 122569
30435 31485
30435 45139
122569 160177
49723 68366
12819 122569
12819 18271
12819 45139
18271 122569
18271 45139
288255 660005
30434 660005
30434 31485
30434 288255
30434 30435
31485 660005
31485 288255
106 123917
106 2799
106 45139
47529 174005
103716 424047
16959 424047
16959 103716
16959 24924
7292 24923
7292 25530
7292 24924
1763 39996
1763 49723
1762 39996
1762 49723
1762 1763
24923 25530
24923 24924
39996 49723
106370 122569
106370 160177



C.V.size: 27
45139 1
2799 1
24924 0
122569 1
30435 2
49723 1
12819 0
18271 0
424047 2
106 1
123917 1
174005 0
68366 0
47529 0
103716 2
16959 2
7292 2
39996 1
160177 1
1762 1
1763 1
106370 1
288255 0
24923 0
25530 0
660005 0
30434 0

45139 174005
45139 122569
45139 68366
45139 49723
45139 123917
45139 47529
2799 122569
2799 160177
2799 106370
2799 68366
2799 49723
2799 18271
2799 123917
2799 12819
2799 30435
2799 45139
24924 424047
24924 174005
24924 45139
24924 47529
24924 103716
24924 25530
122569 160177
30435 660005
30435 288255
30435 122569
30435 45139
49723 68366
12819 122569
12819 18271
12819 45139
18271 122569
18271 45139
106 123917
106 2799
106 45139
47529 174005
103716 424047
16959 424047
16959 103716
16959 24924
7292 24923
7292 25530
7292 24924
39996 49723
1762 39996
1762 49723
1762 1763
1763 39996
1763 49723
106370 122569
106370 160177
288255 660005
24923 25530
24923 24924
30434 660005
30434 288255
30434 30435



C.V.size: 24
45139 1
2799 1
24924 0
122569 1
49723 1
12819 0
18271 0
103716 2
30435 2
106 1
123917 1
174005 0
68366 0
47529 0
16959 2
7292 2
424047 2
39996 1
160177 1
1762 1
1763 1
106370 1
24923 0
25530 0

45139 174005
45139 122569
45139 68366
45139 49723
45139 123917
45139 47529
2799 122569
2799 160177
2799 106370
2799 68366
2799 49723
2799 18271
2799 123917
2799 12819
2799 30435
2799 45139
24924 424047
24924 174005
24924 45139
24924 47529
24924 103716
24924 25530
122569 160177
49723 68366
12819 122569
12819 18271
12819 45139
18271 122569
18271 45139
103716 424047
30435 122569
30435 45139
106 123917
106 2799
106 45139
47529 174005
16959 424047
16959 103716
16959 24924
7292 24923
7292 25530
7292 24924
39996 49723
1762 39996
1762 49723
1762 1763
1763 39996
1763 49723
106370 122569
106370 160177
24923 25530
24923 24924



C.V.size: 22
45139 1
24924 0
2799 1
49723 1
122569 1
12819 0
18271 0
123917 1
30435 2
174005 0
47529 0
68366 0
106 1
16959 2
7292 2
424047 2
103716 2
24923 0
25530 0
39996 1
1762 1
1763 1

45139 174005
45139 122569
45139 68366
45139 49723
45139 123917
45139 47529
24924 424047
24924 174005
24924 45139
24924 47529
24924 103716
24924 25530
2799 122569
2799 68366
2799 49723
2799 18271
2799 123917
2799 12819
2799 30435
2799 45139
49723 68366
12819 122569
12819 18271
12819 45139
18271 122569
18271 45139
30435 122569
30435 45139
47529 174005
106 123917
106 2799
106 45139
16959 424047
16959 103716
16959 24924
7292 24923
7292 25530
7292 24924
103716 424047
24923 25530
24923 24924
39996 49723
1762 39996
1762 49723
1762 1763
1763 39996
1763 49723



C.V.size: 19
45139 1
24924 0
2799 1
122569 1
12819 0
18271 0
103716 2
30435 2
174005 0
47529 0
68366 0
106 1
123917 1
49723 1
25530 0
7292 2
16959 2
424047 2
24923 0

45139 174005
45139 122569
45139 68366
45139 49723
45139 123917
45139 47529
24924 424047
24924 174005
24924 45139
24924 47529
24924 103716
24924 25530
2799 122569
2799 68366
2799 49723
2799 18271
2799 123917
2799 12819
2799 30435
2799 45139
12819 122569
12819 18271
12819 45139
18271 122569
18271 45139
103716 424047
30435 122569
30435 45139
47529 174005
106 123917
106 2799
106 45139
49723 68366
7292 24923
7292 25530
7292 24924
16959 424047
16959 103716
16959 24924
24923 25530
24923 24924



C.V.size: 16
45139 1
2799 1
24924 0
122569 1
18271 0
12819 0
47529 0
68366 0
174005 0
103716 2
106 1
123917 1
49723 1
16959 2
424047 2
30435 2

45139 174005
45139 122569
45139 68366
45139 49723
45139 123917
45139 47529
2799 122569
2799 68366
2799 49723
2799 18271
2799 123917
2799 12819
2799 30435
2799 45139
24924 424047
24924 174005
24924 45139
24924 47529
24924 103716
18271 122569
18271 45139
12819 122569
12819 18271
12819 45139
47529 174005
103716 424047
106 123917
106 2799
106 45139
49723 68366
16959 424047
16959 103716
16959 24924
30435 122569
30435 45139
Overall running time: 87.2355s.
diameter : 4
max_attr : 6
min_attr : 4
attribute delta : 2
