k : 21
Overall running time: 0.137316s.
diameter : 3
max_attr : 20
min_attr : 15
attribute delta : 5
final attribute distribution : 
15 17 19 18 20 20 


ans.V.size: 109
88022 1
91894 0
91895 1
91896 3
91983 2
91897 0
91893 4
91984 5
91901 0
109129 5
54005 5
106575 5
99705 2
96943 2
91892 0
96942 2
31780 4
91985 0
109130 4
109128 4
91898 2
108149 1
107127 4
10330 2
91899 4
88315 1
88314 5
88316 2
88311 3
88021 1
63093 1
88309 0
90459 3
90458 2
90460 3
90461 4
95172 1
101573 0
88307 0
90457 0
90456 1
88305 5
88320 2
88319 3
88304 4
25647 3
71159 1
83965 0
101572 4
91902 0
107126 2
38910 3
84801 5
32619 3
14845 5
27816 5
40405 4
107125 1
107124 3
106577 5
106576 0
88312 3
91900 0
22452 1
37991 3
46699 1
48423 1
55198 1
66959 3
72462 3
85818 3
88196 1
88204 1
88258 3
88259 3
88260 3
88298 1
88299 3
88308 3
88310 1
94708 3
95171 1
100916 1
83964 4
88203 4
88261 4
88294 4
88296 4
88297 4
88301 4
88302 4
88313 4
88195 2
88197 2
88198 0
88257 0
88295 0
88303 0
98599 0
88200 5
88201 5
88202 5
88300 5
88306 5
88317 2
88318 5
89732 5
95169 2
88199 2

88022 90456
88022 88320
88022 88319
88022 88317
88022 95169
88022 90459
88022 88294
88022 95171
88022 88298
88022 95172
88022 90460
88022 88314
88022 88303
88022 90461
88022 88315
88022 88312
88022 90458
88022 88316
88022 88311
88022 90457
88022 88304
88022 88305
88022 88307
88022 88309
91894 91899
91894 91898
91894 91985
91894 91896
91894 91983
91894 96942
91894 91895
91894 99705
91894 91902
91894 91901
91894 91900
91894 96943
91894 91984
91894 91897
91895 91899
91895 91898
91895 91985
91895 91896
91895 91983
91895 96942
91895 99705
91895 91902
91895 91901
91895 91900
91895 96943
91895 91984
91895 91897
91896 91899
91896 91898
91896 91985
91896 99705
91896 91902
91896 91901
91896 91983
91896 96942
91896 91900
91896 96943
91896 91984
91896 91897
91983 91985
91983 96942
91983 99705
91983 96943
91983 91984
91897 91899
91897 91898
91897 91985
91897 91983
91897 96942
91897 99705
91897 91902
91897 91901
91897 91900
91897 96943
91897 91984
91893 91899
91893 91898
91893 91985
91893 91896
91893 91983
91893 96942
91893 91895
91893 99705
91893 91902
91893 91901
91893 91900
91893 96943
91893 91984
91893 91897
91893 91894
91984 91985
91984 96942
91984 99705
91984 96943
91901 91985
91901 91983
91901 96942
91901 99705
91901 91902
91901 96943
91901 91984
109129 109130
54005 107124
54005 101573
54005 106577
54005 109129
54005 101572
54005 109130
54005 108149
54005 107125
54005 88297
54005 106575
54005 107126
54005 106576
54005 107127
54005 109128
54005 84801
106575 107124
106575 106577
106575 109129
106575 109130
106575 108149
106575 107126
106575 107125
106575 106576
106575 109128
106575 107127
96943 99705
91892 91899
91892 91898
91892 91985
91892 91896
91892 91983
91892 96942
91892 91895
91892 99705
91892 91902
91892 91901
91892 91900
91892 91897
91892 96943
91892 91984
91892 91893
91892 91894
96942 99705
96942 96943
31780 91899
31780 91898
31780 91985
31780 91896
31780 88300
31780 91983
31780 96942
31780 91895
31780 99705
31780 91902
31780 91901
31780 91893
31780 96943
31780 91984
31780 91897
31780 91892
31780 88296
31780 88196
31780 88312
31780 91900
31780 91894
91985 96942
91985 99705
91985 96943
109128 109129
109128 109130
91898 91899
91898 91983
91898 96942
91898 99705
91898 91985
91898 91902
91898 91901
91898 91900
91898 96943
91898 91984
108149 109129
108149 109130
108149 109128
107127 109129
107127 109128
107127 109130
107127 108149
10330 107124
10330 101573
10330 106577
10330 109129
10330 101572
10330 54005
10330 109130
10330 108149
10330 32619
10330 107125
10330 88297
10330 38910
10330 106575
10330 107126
10330 14845
10330 84801
10330 27816
10330 106576
10330 109128
10330 107127
91899 91985
91899 91983
91899 96942
91899 99705
91899 91902
91899 91901
91899 91900
91899 96943
91899 91984
88315 90456
88315 88320
88315 88319
88315 95169
88315 90458
88315 90459
88315 95171
88315 95172
88315 90460
88315 90461
88315 88317
88315 88316
88315 90457
88314 90456
88314 88320
88314 88319
88314 95169
88314 90458
88314 90459
88314 95171
88314 95172
88314 90460
88314 90461
88314 88315
88314 88317
88314 88316
88314 90457
88316 90456
88316 88320
88316 88319
88316 95169
88316 90458
88316 90459
88316 95171
88316 95172
88316 90460
88316 90461
88316 88317
88316 90457
88311 90456
88311 88320
88311 88319
88311 95169
88311 88312
88311 90458
88311 90459
88311 95171
88311 95172
88311 90460
88311 88314
88311 90461
88311 88315
88311 88317
88311 88316
88311 90457
88021 90456
88021 88320
88021 88319
88021 95169
88021 88312
88021 90458
88021 90459
88021 88294
88021 95171
88021 88298
88021 95172
88021 90460
88021 88314
88021 88303
88021 90461
88021 88315
88021 88022
88021 88317
88021 88316
88021 88304
88021 88305
88021 88307
88021 88309
88021 88311
88021 90457
63093 90456
63093 88320
63093 88319
63093 95169
63093 85818
63093 88317
63093 88022
63093 88312
63093 90458
63093 90459
63093 95171
63093 88298
63093 71159
63093 95172
63093 90460
63093 88314
63093 88303
63093 90461
63093 83965
63093 88315
63093 88311
63093 90457
63093 88021
63093 88316
63093 88294
63093 88304
63093 88305
63093 88307
63093 88309
88309 90456
88309 88320
88309 88319
88309 95169
88309 88312
88309 90458
88309 90459
88309 95171
88309 95172
88309 90460
88309 88314
88309 90461
88309 88315
88309 88317
88309 88316
88309 88311
88309 90457
90459 95169
90459 95171
90459 95172
90459 90460
90459 90461
90458 95169
90458 90459
90458 95171
90458 95172
90458 90460
90458 90461
90460 95169
90460 95171
90460 95172
90460 90461
90461 95169
90461 95171
90461 95172
101573 107124
101573 106577
101573 109129
101573 109130
101573 108149
101573 107125
101573 106575
101573 107126
101573 106576
101573 107127
101573 109128
88307 90456
88307 88320
88307 88319
88307 95169
88307 90459
88307 95171
88307 95172
88307 90460
88307 88314
88307 90461
88307 88315
88307 88312
88307 90458
88307 88317
88307 88316
88307 88311
88307 90457
88307 88309
90457 95169
90457 90458
90457 90459
90457 95171
90457 95172
90457 90460
90457 90461
90456 95169
90456 90458
90456 90459
90456 95171
90456 95172
90456 90460
90456 90461
90456 90457
88305 90456
88305 88320
88305 88319
88305 95169
88305 88312
88305 90458
88305 90459
88305 95171
88305 95172
88305 90460
88305 88314
88305 90461
88305 88315
88305 88317
88305 88316
88305 88311
88305 90457
88305 88307
88305 88309
88320 90456
88320 95169
88320 90458
88320 90459
88320 95171
88320 95172
88320 90460
88320 90461
88320 90457
88319 90456
88319 88320
88319 95169
88319 90458
88319 90459
88319 95171
88319 95172
88319 90460
88319 90461
88319 90457
88304 90456
88304 88320
88304 88319
88304 95169
88304 88312
88304 90458
88304 90459
88304 95171
88304 95172
88304 90460
88304 88314
88304 90461
88304 88315
88304 88317
88304 88316
88304 88311
88304 90457
88304 88305
88304 88307
88304 88309
25647 90456
25647 88320
25647 88319
25647 95169
25647 85818
25647 88312
25647 90458
25647 90459
25647 40405
25647 63093
25647 88294
25647 95171
25647 88298
25647 71159
25647 95172
25647 90460
25647 88314
25647 88303
25647 90461
25647 83965
25647 88315
25647 88022
25647 88317
25647 88311
25647 90457
25647 88304
25647 88305
25647 48423
25647 88307
25647 88309
25647 88021
25647 88316
71159 90456
71159 88320
71159 88319
71159 88298
71159 95171
71159 95169
71159 85818
71159 88317
71159 88022
71159 88312
71159 90458
71159 90459
71159 88294
71159 90460
71159 88314
71159 88303
71159 90461
71159 83965
71159 88315
71159 95172
71159 88311
71159 90457
71159 88021
71159 88316
71159 88304
71159 88305
71159 88307
71159 88309
83965 90456
83965 88320
83965 88319
83965 95169
83965 85818
83965 88312
83965 90458
83965 90459
83965 88294
83965 95171
83965 88298
83965 95172
83965 90460
83965 88314
83965 88303
83965 90461
83965 88315
83965 88022
83965 88317
83965 88311
83965 90457
83965 88021
83965 88316
83965 88304
83965 88305
83965 88307
83965 88309
101572 107124
101572 101573
101572 106577
101572 109129
101572 109130
101572 108149
101572 107125
101572 106575
101572 107126
101572 106576
101572 107127
101572 109128
91902 91985
91902 91983
91902 96942
91902 99705
91902 96943
91902 91984
107126 109129
107126 109130
107126 108149
107126 107127
107126 109128
38910 107125
38910 107124
38910 109130
38910 108149
38910 88297
38910 109129
38910 106577
38910 54005
38910 101572
38910 107126
38910 106575
38910 101573
38910 107127
38910 109128
38910 106576
38910 84801
84801 107124
84801 101573
84801 106577
84801 109129
84801 101572
84801 109130
84801 108149
84801 107125
84801 88297
84801 106575
84801 107126
84801 106576
84801 109128
84801 107127
32619 107124
32619 101573
32619 106576
32619 107127
32619 109128
32619 84801
32619 109130
32619 108149
32619 107125
32619 88297
32619 38910
32619 106575
32619 107126
32619 54005
32619 101572
32619 106577
32619 109129
14845 107124
14845 101573
14845 106577
14845 109129
14845 101572
14845 54005
14845 109130
14845 108149
14845 32619
14845 107125
14845 88297
14845 38910
14845 106575
14845 107126
14845 84801
14845 27816
14845 106576
14845 109128
14845 107127
27816 107124
27816 101573
27816 106577
27816 109129
27816 101572
27816 54005
27816 109130
27816 108149
27816 32619
27816 84801
27816 107125
27816 88297
27816 38910
27816 106575
27816 107126
27816 106576
27816 109128
27816 107127
40405 90459
40405 90456
40405 88320
40405 85818
40405 88317
40405 88022
40405 88312
40405 90458
40405 95169
40405 63093
40405 88294
40405 95171
40405 88298
40405 71159
40405 95172
40405 90460
40405 88314
40405 88303
40405 90461
40405 83965
40405 88315
40405 88311
40405 90457
40405 88021
40405 88316
40405 88304
40405 88305
40405 48423
40405 88307
40405 88309
40405 88319
107125 109129
107125 109130
107125 108149
107125 107126
107125 107127
107125 109128
107124 109129
107124 109130
107124 108149
107124 107125
107124 107126
107124 107127
107124 109128
106577 107124
106577 107127
106577 109128
106577 109130
106577 109129
106577 108149
106577 107125
106577 107126
106576 107124
106576 106577
106576 109129
106576 109130
106576 108149
106576 109128
106576 107127
106576 107125
106576 107126
88312 88320
88312 88319
88312 88314
88312 91901
88312 88316
88312 88315
88312 91893
88312 88317
88312 90458
88312 90459
88312 90460
88312 90461
88312 91894
88312 91896
88312 91898
88312 95171
88312 91985
88312 90457
88312 91900
88312 91984
88312 96943
88312 91897
88312 91892
88312 91983
88312 95169
88312 99705
88312 90456
88312 91902
88312 91899
88312 96942
88312 95172
88312 91895
91900 91985
91900 91983
91900 96942
91900 99705
91900 91902
91900 91901
91900 96943
91900 91984
22452 88258
22452 88200
22452 88257
22452 88199
22452 88204
22452 88203
22452 88261
22452 100916
22452 98599
22452 94708
22452 88202
22452 88260
22452 37991
22452 88197
22452 88195
22452 89732
22452 88198
22452 88196
22452 88259
22452 88201
37991 88257
37991 88199
37991 88204
37991 88203
37991 88261
37991 88202
37991 88260
37991 100916
37991 98599
37991 94708
37991 88198
37991 88195
37991 89732
37991 88196
37991 88197
37991 88258
37991 88200
37991 88259
37991 88201
46699 88295
46699 88259
46699 88317
46699 88200
46699 55198
46699 88196
46699 85818
46699 83964
46699 66959
46699 88303
46699 88296
46699 72462
46699 95169
46699 88294
46699 88318
46699 88313
46699 88300
46699 88310
46699 88297
46699 88308
46699 88306
46699 88302
46699 88301
46699 88299
46699 88199
46699 48423
46699 95171
46699 88298
48423 88305
48423 88304
48423 88302
48423 88301
48423 88300
48423 88299
48423 88297
48423 55198
48423 88295
48423 88259
48423 88200
48423 88318
48423 88199
48423 66959
48423 88022
48423 88317
48423 83965
48423 88021
48423 88316
48423 88313
48423 88296
48423 85818
48423 88310
48423 90456
48423 88312
48423 90458
48423 88319
48423 88311
48423 90459
48423 88315
48423 90461
48423 90460
48423 88196
48423 88314
48423 83964
48423 95169
48423 90457
48423 72462
48423 88320
48423 95171
48423 88298
48423 88309
48423 88308
48423 88307
48423 88306
48423 71159
48423 95172
48423 88303
48423 63093
48423 88294
55198 88295
55198 88259
55198 88317
55198 88200
55198 88196
55198 85818
55198 83964
55198 88296
55198 72462
55198 95169
55198 66959
55198 88303
55198 88294
55198 88318
55198 88313
55198 88300
55198 88310
55198 88297
55198 88308
55198 88306
55198 88302
55198 88301
55198 88299
55198 88199
55198 95171
55198 88298
66959 88295
66959 88259
66959 88317
66959 88200
66959 88196
66959 85818
66959 83964
66959 88296
66959 72462
66959 95169
66959 88294
66959 88318
66959 88313
66959 88300
66959 88310
66959 88297
66959 88308
66959 88306
66959 88303
66959 88199
66959 88302
66959 88301
66959 88299
66959 88298
66959 95171
72462 88295
72462 88259
72462 88317
72462 88200
72462 88196
72462 85818
72462 83964
72462 88303
72462 88296
72462 95169
72462 88294
72462 88318
72462 88313
72462 88300
72462 88310
72462 88297
72462 88308
72462 88306
72462 88302
72462 88301
72462 88299
72462 88199
72462 95171
72462 88298
85818 88305
85818 88304
85818 88302
85818 88301
85818 88300
85818 88299
85818 88297
85818 88295
85818 88259
85818 88200
85818 88318
85818 88196
85818 88314
85818 88022
85818 88199
85818 88317
85818 88021
85818 88316
85818 88296
85818 88310
85818 90456
85818 88312
85818 90458
85818 88319
85818 88311
85818 90457
85818 90459
85818 88313
85818 88315
85818 90461
85818 90460
85818 95169
85818 88320
85818 95171
85818 88298
85818 88309
85818 88308
85818 88306
85818 88294
85818 95172
85818 88307
85818 88303
88196 94708
88196 95171
88196 88313
88196 88197
88196 91895
88196 88296
88196 89732
88196 88257
88196 88198
88196 88199
88196 88258
88196 88317
88196 88200
88196 99705
88196 88318
88196 88259
88196 96943
88196 88297
88196 91896
88196 88204
88196 88298
88196 91897
88196 91894
88196 88294
88196 88202
88196 88261
88196 88260
88196 88201
88196 88203
88196 91893
88196 88295
88196 91901
88196 91985
88196 88302
88196 88299
88196 91898
88196 100916
88196 91899
88196 91900
88196 88303
88196 91902
88196 96942
88196 88306
88196 88308
88196 88310
88196 98599
88196 88312
88196 91892
88196 88300
88196 91983
88196 95169
88196 88301
88196 91984
88204 88257
88204 88261
88204 88260
88204 100916
88204 98599
88204 94708
88204 89732
88204 88258
88204 88259
88258 88261
88258 88260
88258 100916
88258 98599
88258 94708
88258 89732
88258 88259
88259 88299
88259 88297
88259 88295
88259 88294
88259 88261
88259 88260
88259 89732
88259 88300
88259 88301
88259 100916
88259 88302
88259 88303
88259 88308
88259 88310
88259 94708
88259 95169
88259 95171
88259 88298
88259 88306
88259 98599
88259 88313
88259 88296
88259 88318
88259 88317
88260 88261
88260 100916
88260 98599
88260 94708
88260 89732
88298 88305
88298 88304
88298 88302
88298 88301
88298 88300
88298 88299
88298 88316
88298 88313
88298 88317
88298 95172
88298 88307
88298 88310
88298 90456
88298 88312
88298 90458
88298 88319
88298 88311
88298 90459
88298 88315
88298 90461
88298 90460
88298 88314
88298 95169
88298 90457
88298 88320
88298 95171
88298 88309
88298 88308
88298 88306
88298 88318
88298 88303
88299 88317
88299 88303
88299 95169
88299 88318
88299 88313
88299 88300
88299 88310
88299 88308
88299 88306
88299 88302
88299 88301
88299 95171
88308 88317
88308 95169
88308 88318
88308 88313
88308 88310
88308 95171
88310 88317
88310 95169
88310 88318
88310 88313
88310 95171
94708 100916
94708 98599
95171 95172
83964 88295
83964 88259
83964 88317
83964 88200
83964 88196
83964 85818
83964 88303
83964 88296
83964 95169
83964 88294
83964 88318
83964 88313
83964 88300
83964 88310
83964 88297
83964 88308
83964 88306
83964 88302
83964 88301
83964 88299
83964 88199
83964 88298
83964 95171
88203 88257
88203 88204
88203 88260
88203 88259
88203 100916
88203 98599
88203 94708
88203 88261
88203 89732
88203 88258
88261 100916
88261 98599
88261 94708
88261 89732
88294 88305
88294 88304
88294 88302
88294 88301
88294 88300
88294 88299
88294 88297
88294 88295
88294 88316
88294 88317
88294 88298
88294 95172
88294 88307
88294 88310
88294 90456
88294 88312
88294 90458
88294 88296
88294 88319
88294 88311
88294 90459
88294 88313
88294 88315
88294 90461
88294 90460
88294 88314
88294 95169
88294 90457
88294 88320
88294 95171
88294 88309
88294 88308
88294 88306
88294 88318
88294 88303
88296 88318
88296 99705
88296 88313
88296 88310
88296 88308
88296 88306
88296 88302
88296 91901
88296 88300
88296 91899
88296 88299
88296 91898
88296 88297
88296 91896
88296 88312
88296 96942
88296 91983
88296 95169
88296 91892
88296 91984
88296 96943
88296 91894
88296 91897
88296 88298
88296 95171
88296 91985
88296 91895
88296 91902
88296 88303
88296 91893
88296 88317
88296 88301
88296 91900
88297 88308
88297 88306
88297 107127
88297 88301
88297 109128
88297 88300
88297 88299
88297 88302
88297 109129
88297 88317
88297 88313
88297 108149
88297 95169
88297 95171
88297 88310
88297 106575
88297 107126
88297 106576
88297 106577
88297 107125
88297 88318
88297 101572
88297 109130
88297 107124
88297 88303
88297 88298
88297 101573
88301 88317
88301 88303
88301 95169
88301 88318
88301 88313
88301 88310
88301 88308
88301 88306
88301 88302
88301 95171
88302 88317
88302 88303
88302 95169
88302 88318
88302 88313
88302 88310
88302 88308
88302 88306
88302 95171
88313 88317
88313 95169
88313 88318
88313 95171
88195 88257
88195 88199
88195 88204
88195 88203
88195 88261
88195 88202
88195 88260
88195 100916
88195 98599
88195 94708
88195 88198
88195 89732
88195 88197
88195 88196
88195 88258
88195 88200
88195 88259
88195 88201
88197 88257
88197 88199
88197 88204
88197 88203
88197 88261
88197 88202
88197 88260
88197 100916
88197 98599
88197 94708
88197 88198
88197 89732
88197 88258
88197 88200
88197 88259
88197 88201
88198 88257
88198 88199
88198 88204
88198 88203
88198 88261
88198 88202
88198 88260
88198 100916
88198 98599
88198 94708
88198 89732
88198 88258
88198 88200
88198 88259
88198 88201
88257 88261
88257 88260
88257 88259
88257 100916
88257 98599
88257 94708
88257 89732
88257 88258
88295 88317
88295 88303
88295 88296
88295 95169
88295 88318
88295 88313
88295 88300
88295 88310
88295 88297
88295 88308
88295 88306
88295 88302
88295 88301
88295 88299
88295 95171
88295 88298
88303 88305
88303 88304
88303 88316
88303 88313
88303 88317
88303 95172
88303 88307
88303 88310
88303 90456
88303 88312
88303 90458
88303 88319
88303 88311
88303 90459
88303 88315
88303 90461
88303 90460
88303 88314
88303 95169
88303 90457
88303 88320
88303 95171
88303 88309
88303 88308
88303 88306
88303 88318
98599 100916
88200 88299
88200 88297
88200 88295
88200 88294
88200 88204
88200 88261
88200 88202
88200 88203
88200 88260
88200 88201
88200 88259
88200 88318
88200 88300
88200 88301
88200 100916
88200 88302
88200 88303
88200 88308
88200 88310
88200 94708
88200 95169
88200 95171
88200 88298
88200 88306
88200 98599
88200 88313
88200 88296
88200 88257
88200 89732
88200 88317
88200 88258
88201 88257
88201 88204
88201 88203
88201 88261
88201 88202
88201 88260
88201 100916
88201 98599
88201 94708
88201 88259
88201 89732
88201 88258
88202 88257
88202 88204
88202 88203
88202 88261
88202 88259
88202 100916
88202 98599
88202 94708
88202 88260
88202 89732
88202 88258
88300 88318
88300 99705
88300 88313
88300 88310
88300 88308
88300 88306
88300 88302
88300 91901
88300 88301
88300 91900
88300 91898
88300 91896
88300 88312
88300 96942
88300 91983
88300 95169
88300 91892
88300 91984
88300 96943
88300 91894
88300 91897
88300 95171
88300 91985
88300 91899
88300 88303
88300 91902
88300 91895
88300 91893
88300 88317
88306 88317
88306 95169
88306 88318
88306 88313
88306 88310
88306 88308
88306 95171
88317 95172
88317 90458
88317 88319
88317 90456
88317 90459
88317 90461
88317 90460
88317 95169
88317 90457
88317 88320
88317 95171
88317 88318
88318 95169
88318 95171
89732 100916
89732 98599
89732 94708
95169 95171
95169 95172
88199 88299
88199 88297
88199 88295
88199 88294
88199 88257
88199 89732
88199 88204
88199 88261
88199 88202
88199 88203
88199 88260
88199 88201
88199 88300
88199 88301
88199 100916
88199 88302
88199 88303
88199 88308
88199 88310
88199 94708
88199 95169
88199 95171
88199 88298
88199 88306
88199 98599
88199 88317
88199 88258
88199 88313
88199 88296
88199 88259
88199 88200
88199 88318
