k : 29
Overall running time: 0.124265s.
diameter : 2
max_attr : 13
min_attr : 8
attribute delta : 5
final attribute distribution : 
13 9 8 11 10 13 


ans.V.size: 64
237331 1
237330 0
237329 3
38722 2
124235 2
120111 1
108633 2
93571 5
86620 2
76736 3
75086 5
63718 4
61019 0
49958 0
48236 1
47381 2
45840 4
43053 0
42044 3
146966 2
27779 0
27707 5
26169 2
23802 5
23457 4
23181 0
20523 0
17967 1
17678 0
15978 0
13142 2
11215 2
9819 3
7375 2
3417 1
915 0
1093 2
1380 2
5181 3
7763 2
18686 0
61577 0
5240 3
7976 3
12812 3
14753 3
14764 3
42676 3
7987 5
9034 5
15014 5
20352 5
24846 5
56698 5
2756 4
6579 4
4554 1
11026 4
15545 4
18687 4
24855 4
13977 1
15220 1
9781 0

237330 237331
237329 237331
237329 237330
38722 76736
38722 42044
38722 61019
38722 86620
38722 49958
38722 75086
38722 63718
38722 237329
38722 120111
38722 108633
38722 124235
38722 43053
38722 45840
38722 93571
38722 146966
38722 48236
38722 237331
38722 47381
38722 237330
124235 237329
124235 146966
124235 237331
124235 237330
120111 237329
120111 124235
120111 146966
120111 237331
120111 237330
108633 120111
108633 237329
108633 124235
108633 146966
108633 237331
108633 237330
93571 146966
93571 237329
93571 120111
93571 108633
93571 124235
93571 237331
93571 237330
86620 237329
86620 120111
86620 108633
86620 124235
86620 93571
86620 146966
86620 237331
86620 237330
76736 86620
76736 237329
76736 120111
76736 108633
76736 124235
76736 93571
76736 146966
76736 237331
76736 237330
75086 76736
75086 86620
75086 120111
75086 237329
75086 108633
75086 124235
75086 93571
75086 146966
75086 237331
75086 237330
63718 76736
63718 86620
63718 120111
63718 75086
63718 237329
63718 108633
63718 124235
63718 93571
63718 146966
63718 237331
63718 237330
61019 76736
61019 86620
61019 75086
61019 63718
61019 237329
61019 120111
61019 108633
61019 124235
61019 93571
61019 146966
61019 237331
61019 237330
49958 76736
49958 61019
49958 86620
49958 75086
49958 63718
49958 120111
49958 237329
49958 108633
49958 124235
49958 93571
49958 146966
49958 237331
49958 237330
48236 76736
48236 61019
48236 86620
48236 49958
48236 75086
48236 63718
48236 237329
48236 120111
48236 108633
48236 124235
48236 237331
48236 93571
48236 146966
48236 237330
47381 76736
47381 61019
47381 86620
47381 49958
47381 75086
47381 63718
47381 237329
47381 120111
47381 108633
47381 124235
47381 93571
47381 146966
47381 48236
47381 237331
47381 237330
45840 76736
45840 61019
45840 86620
45840 49958
45840 75086
45840 63718
45840 237329
45840 120111
45840 108633
45840 124235
45840 93571
45840 146966
45840 48236
45840 237331
45840 47381
45840 237330
43053 76736
43053 61019
43053 86620
43053 49958
43053 75086
43053 63718
43053 237329
43053 120111
43053 108633
43053 124235
43053 45840
43053 93571
43053 146966
43053 48236
43053 237331
43053 47381
43053 237330
42044 76736
42044 61019
42044 86620
42044 49958
42044 75086
42044 63718
42044 237329
42044 120111
42044 108633
42044 124235
42044 43053
42044 45840
42044 93571
42044 146966
42044 48236
42044 237331
42044 47381
42044 237330
146966 237329
146966 237331
146966 237330
27779 86620
27779 76736
27779 42044
27779 61019
27779 38722
27779 49958
27779 75086
27779 63718
27779 237329
27779 120111
27779 108633
27779 124235
27779 43053
27779 45840
27779 93571
27779 146966
27779 48236
27779 237331
27779 47381
27779 237330
27707 76736
27707 42044
27707 61019
27707 38722
27707 86620
27707 27779
27707 49958
27707 75086
27707 63718
27707 237329
27707 120111
27707 108633
27707 124235
27707 43053
27707 45840
27707 93571
27707 146966
27707 48236
27707 237331
27707 47381
27707 237330
26169 76736
26169 42044
26169 27707
26169 61019
26169 38722
26169 86620
26169 49958
26169 75086
26169 63718
26169 237329
26169 120111
26169 108633
26169 124235
26169 237330
26169 43053
26169 45840
26169 146966
26169 93571
26169 48236
26169 237331
26169 47381
26169 27779
23802 76736
23802 42044
23802 27707
23802 61019
23802 38722
23802 86620
23802 75086
23802 63718
23802 49958
23802 237329
23802 120111
23802 108633
23802 124235
23802 26169
23802 237330
23802 43053
23802 45840
23802 146966
23802 93571
23802 48236
23802 237331
23802 47381
23802 27779
23457 76736
23457 42044
23457 27707
23457 61019
23457 38722
23457 86620
23457 49958
23457 75086
23457 63718
23457 108633
23457 124235
23457 237329
23457 120111
23457 26169
23457 237330
23457 23802
23457 43053
23457 45840
23457 146966
23457 93571
23457 48236
23457 237331
23457 47381
23457 27779
23181 76736
23181 42044
23181 27707
23181 61019
23181 38722
23181 86620
23181 49958
23181 75086
23181 63718
23181 237329
23181 120111
23181 108633
23181 124235
23181 23457
23181 26169
23181 237330
23181 23802
23181 43053
23181 45840
23181 146966
23181 93571
23181 48236
23181 237331
23181 47381
23181 27779
20523 76736
20523 42044
20523 27707
20523 61019
20523 49958
20523 120111
20523 75086
20523 63718
20523 237329
20523 108633
20523 124235
20523 23457
20523 23181
20523 26169
20523 237330
20523 23802
20523 43053
20523 48236
20523 237331
20523 47381
20523 27779
20523 86620
20523 38722
20523 146966
20523 93571
20523 45840
17967 76736
17967 42044
17967 27707
17967 61019
17967 38722
17967 86620
17967 20523
17967 49958
17967 75086
17967 63718
17967 108633
17967 124235
17967 23457
17967 23181
17967 26169
17967 237330
17967 120111
17967 237329
17967 23802
17967 43053
17967 45840
17967 146966
17967 93571
17967 48236
17967 237331
17967 47381
17967 27779
17678 76736
17678 42044
17678 27707
17678 61019
17678 38722
17678 86620
17678 75086
17678 63718
17678 20523
17678 49958
17678 17967
17678 237329
17678 120111
17678 108633
17678 124235
17678 23457
17678 23181
17678 26169
17678 237330
17678 23802
17678 43053
17678 45840
17678 146966
17678 93571
17678 48236
17678 237331
17678 47381
17678 27779
15978 108633
15978 76736
15978 42044
15978 27707
15978 61019
15978 38722
15978 20523
15978 49958
15978 75086
15978 63718
15978 17967
15978 237329
15978 120111
15978 23457
15978 23181
15978 26169
15978 237330
15978 124235
15978 23802
15978 17678
15978 43053
15978 45840
15978 146966
15978 93571
15978 48236
15978 237331
15978 47381
15978 27779
15978 86620
13142 76736
13142 42044
13142 27707
13142 75086
13142 63718
13142 61019
13142 120111
13142 49958
13142 20523
13142 237329
13142 17967
13142 108633
13142 124235
13142 23457
13142 23181
13142 26169
13142 237330
13142 23802
13142 17678
13142 43053
13142 45840
13142 146966
13142 93571
13142 48236
13142 237331
13142 47381
13142 15978
13142 27779
13142 86620
13142 38722
11215 76736
11215 42044
11215 27707
11215 61019
11215 38722
11215 86620
11215 63718
11215 75086
11215 13142
11215 49958
11215 20523
11215 17967
11215 237329
11215 120111
11215 108633
11215 124235
11215 23457
11215 23181
11215 26169
11215 237330
11215 23802
11215 17678
11215 43053
11215 45840
11215 146966
11215 93571
11215 48236
11215 237331
11215 47381
11215 15978
11215 27779
9819 76736
9819 42044
9819 27707
9819 61019
9819 38722
9819 86620
9819 20523
9819 75086
9819 63718
9819 49958
9819 13142
9819 23802
9819 120111
9819 237329
9819 17967
9819 108633
9819 124235
9819 23457
9819 23181
9819 26169
9819 237330
9819 11215
9819 48236
9819 237331
9819 47381
9819 17678
9819 43053
9819 45840
9819 146966
9819 93571
9819 15978
9819 27779
7375 76736
7375 42044
7375 27707
7375 61019
7375 48236
7375 237331
7375 75086
7375 63718
7375 20523
7375 13142
7375 49958
7375 17967
7375 237329
7375 120111
7375 108633
7375 124235
7375 23457
7375 23181
7375 26169
7375 237330
7375 11215
7375 23802
7375 9819
7375 17678
7375 43053
7375 45840
7375 146966
7375 93571
7375 47381
7375 15978
7375 27779
7375 86620
7375 38722
3417 76736
3417 42044
3417 27707
3417 61019
3417 47381
3417 38722
3417 120111
3417 237329
3417 17967
3417 43053
3417 17678
3417 23802
3417 9819
3417 108633
3417 124235
3417 23457
3417 23181
3417 26169
3417 237330
3417 63718
3417 75086
3417 20523
3417 93571
3417 146966
3417 45840
3417 13142
3417 49958
3417 11215
3417 7375
3417 48236
3417 237331
3417 15978
3417 5181
3417 27779
3417 86620
915 9034
915 7976
915 4554
915 2756
915 15545
915 5181
915 11026
915 7763
915 5240
915 1093
915 1380
915 42676
915 6579
915 7987
915 9781
915 24855
915 24846
915 18687
915 61577
915 18686
915 14764
915 56698
915 15220
915 15014
915 14753
915 13977
915 20352
915 12812
1093 9034
1093 6579
1093 5240
1093 7763
1093 7976
1093 4554
1093 2756
1093 15545
1093 5181
1093 11026
1093 1380
1093 42676
1093 7987
1093 9781
1093 24855
1093 24846
1093 18687
1093 61577
1093 18686
1093 14764
1093 56698
1093 15220
1093 15014
1093 14753
1093 13977
1093 20352
1093 12812
1380 9034
1380 11026
1380 7763
1380 5240
1380 7976
1380 4554
1380 2756
1380 15545
1380 5181
1380 6579
1380 7987
1380 9781
1380 42676
1380 15220
1380 24855
1380 24846
1380 18687
1380 61577
1380 18686
1380 14764
1380 56698
1380 15014
1380 14753
1380 13977
1380 12812
1380 20352
5181 86620
5181 75086
5181 124235
5181 7763
5181 7987
5181 17967
5181 9781
5181 120111
5181 23802
5181 9819
5181 24846
5181 237331
5181 9034
5181 18686
5181 43053
5181 23457
5181 23181
5181 11026
5181 17678
5181 15545
5181 108633
5181 13142
5181 49958
5181 5240
5181 48236
5181 15978
5181 237330
5181 146966
5181 14764
5181 20352
5181 45840
5181 93571
5181 12812
5181 11215
5181 7375
5181 15220
5181 63718
5181 6579
5181 7976
5181 61577
5181 18687
5181 20523
5181 24855
5181 14753
5181 27707
5181 13977
5181 26169
5181 42044
5181 15014
5181 76736
5181 237329
5181 27779
5181 38722
5181 42676
5181 47381
5181 56698
5181 61019
7763 9034
7763 7976
7763 15545
7763 11026
7763 42676
7763 7987
7763 9781
7763 24855
7763 24846
7763 18687
7763 61577
7763 18686
7763 14764
7763 56698
7763 15220
7763 15014
7763 14753
7763 13977
7763 20352
7763 12812
18686 42676
18686 61577
18686 24855
18686 24846
18686 18687
18686 56698
18686 20352
5240 9034
5240 7976
5240 15545
5240 11026
5240 7763
5240 42676
5240 6579
5240 7987
5240 9781
5240 24855
5240 24846
5240 18687
5240 61577
5240 18686
5240 14764
5240 56698
5240 15220
5240 15014
5240 14753
5240 13977
5240 20352
5240 12812
7976 9034
7976 15545
7976 11026
7976 42676
7976 7987
7976 9781
7976 24855
7976 24846
7976 18687
7976 61577
7976 18686
7976 14764
7976 56698
7976 15220
7976 15014
7976 14753
7976 13977
7976 20352
7976 12812
12812 15545
12812 42676
12812 24855
12812 24846
12812 20352
12812 18687
12812 61577
12812 18686
12812 14764
12812 56698
12812 15220
12812 15014
12812 14753
12812 13977
14753 15545
14753 42676
14753 24855
14753 15014
14753 24846
14753 18687
14753 61577
14753 18686
14753 14764
14753 56698
14753 15220
14753 20352
14764 15545
14764 42676
14764 56698
14764 24855
14764 24846
14764 18687
14764 18686
14764 61577
14764 15220
14764 15014
14764 20352
42676 61577
42676 56698
7987 9034
7987 15545
7987 11026
7987 42676
7987 9781
7987 24855
7987 24846
7987 18687
7987 61577
7987 18686
7987 14764
7987 56698
7987 15220
7987 15014
7987 14753
7987 13977
7987 20352
7987 12812
9034 15545
9034 11026
9034 42676
9034 9781
9034 24855
9034 24846
9034 18687
9034 61577
9034 18686
9034 14764
9034 56698
9034 15220
9034 15014
9034 14753
9034 13977
9034 20352
9034 12812
15014 15545
15014 42676
15014 24855
15014 24846
15014 18687
15014 61577
15014 18686
15014 56698
15014 15220
15014 20352
20352 42676
20352 24855
20352 24846
20352 61577
20352 56698
24846 42676
24846 24855
24846 61577
24846 56698
56698 61577
2756 9034
2756 7976
2756 4554
2756 15545
2756 5181
2756 11026
2756 7763
2756 5240
2756 42676
2756 6579
2756 7987
2756 9781
2756 24855
2756 24846
2756 18687
2756 61577
2756 18686
2756 14764
2756 56698
2756 15220
2756 15014
2756 14753
2756 13977
2756 20352
2756 12812
6579 9034
6579 7976
6579 15545
6579 11026
6579 7763
6579 42676
6579 7987
6579 9781
6579 24855
6579 24846
6579 18687
6579 61577
6579 18686
6579 14764
6579 56698
6579 15220
6579 15014
6579 14753
6579 13977
6579 20352
6579 12812
4554 9034
4554 7976
4554 15545
4554 5181
4554 11026
4554 7763
4554 5240
4554 42676
4554 6579
4554 7987
4554 9781
4554 24855
4554 24846
4554 18687
4554 61577
4554 18686
4554 14764
4554 56698
4554 15220
4554 15014
4554 14753
4554 13977
4554 20352
4554 12812
11026 15545
11026 42676
11026 24855
11026 24846
11026 18687
11026 61577
11026 18686
11026 14764
11026 56698
11026 15220
11026 15014
11026 14753
11026 13977
11026 20352
11026 12812
15545 42676
15545 24855
15545 24846
15545 18687
15545 61577
15545 18686
15545 56698
15545 20352
18687 42676
18687 24855
18687 24846
18687 61577
18687 56698
18687 20352
24855 42676
24855 61577
24855 56698
13977 15545
13977 42676
13977 24855
13977 24846
13977 18687
13977 61577
13977 18686
13977 14764
13977 56698
13977 15220
13977 15014
13977 14753
13977 20352
15220 15545
15220 42676
15220 24855
15220 24846
15220 18687
15220 61577
15220 18686
15220 56698
15220 20352
9781 15545
9781 11026
9781 42676
9781 24855
9781 24846
9781 18687
9781 61577
9781 18686
9781 14764
9781 56698
9781 15220
9781 15014
9781 14753
9781 13977
9781 20352
9781 12812
