k : 29
Overall running time: 0.776182s.
diameter : 3
max_attr : 18
min_attr : 14
attribute delta : 4
final attribute distribution : 
16 15 18 15 14 18 


ans.V.size: 110
88126 3
243930 4
210575 1
121672 5
212587 2
119502 3
189002 4
270737 5
203794 5
235576 3
300133 0
94290 5
165271 0
240917 2
246879 2
269073 1
186151 1
274143 5
202997 2
53056 1
300134 5
88875 3
269072 4
50361 5
269074 3
300135 3
245597 2
286458 2
126199 2
307072 3
300132 4
222728 2
91821 1
40503 3
270738 3
129704 0
165932 2
195288 3
44165 4
168567 5
300136 5
50834 0
163782 4
175703 4
232855 1
237930 1
30171 0
276841 1
124949 4
264457 4
27587 0
123616 3
235577 2
106561 4
235580 4
226539 1
164044 0
159798 5
243201 2
235586 5
300158 3
243202 0
217118 3
235584 2
243929 1
235583 4
147530 0
153829 1
235585 1
115219 0
235579 5
235575 1
16175 3
73350 1
106759 0
49793 0
235578 4
217119 1
235582 0
235581 0
11978 2
41933 1
51801 2
58411 2
118047 2
59902 0
124253 1
131657 3
149361 1
149363 1
150932 2
150933 1
150934 1
150935 2
159298 2
3294 4
113834 4
120153 5
146489 4
149358 3
149359 5
149360 0
150931 4
149362 5
150937 0
150938 3
150939 3
159297 0
150936 5
149364 2

88126 235583
88126 235581
88126 235579
88126 115219
88126 235578
88126 106759
88126 235577
88126 243929
88126 235576
88126 235582
88126 106561
88126 235580
88126 153829
88126 123616
88126 147530
88126 243201
88126 121672
88126 235584
88126 149358
88126 159798
88126 235575
88126 243930
88126 164044
88126 226539
88126 243202
88126 210575
88126 235585
88126 217118
88126 217119
88126 235586
210575 235583
210575 235581
210575 235579
210575 235578
210575 243929
210575 235577
210575 235576
210575 217118
210575 235585
210575 235582
210575 243201
210575 243202
210575 235575
210575 235584
210575 235580
210575 243930
210575 226539
210575 217119
210575 235586
121672 159798
121672 153829
121672 147530
121672 123616
121672 235575
121672 149358
121672 235576
121672 235577
121672 243929
121672 235578
121672 164044
121672 243930
121672 235579
121672 235581
121672 235582
121672 243201
121672 235583
121672 226539
121672 235580
121672 217118
121672 235585
121672 243202
121672 210575
121672 235584
121672 235586
121672 217119
212587 245597
212587 240917
212587 237930
212587 232855
212587 222728
212587 269074
212587 270738
212587 264457
212587 269072
212587 270737
212587 276841
212587 286458
212587 274143
212587 269073
119502 245597
119502 240917
119502 237930
119502 232855
119502 222728
119502 195288
119502 126199
119502 163782
119502 189002
119502 203794
119502 212587
119502 269074
119502 124949
119502 270738
119502 165932
119502 264457
119502 269072
119502 270737
119502 276841
119502 286458
119502 274143
119502 168567
119502 129704
119502 202997
119502 269073
119502 165271
119502 186151
119502 175703
189002 245597
189002 240917
189002 237930
189002 232855
189002 222728
189002 195288
189002 203794
189002 212587
189002 269074
189002 270738
189002 264457
189002 269072
189002 270737
189002 276841
189002 286458
189002 274143
189002 202997
189002 269073
270737 270738
270737 286458
270737 276841
270737 274143
203794 245597
203794 240917
203794 237930
203794 232855
203794 222728
203794 212587
203794 269074
203794 270738
203794 264457
203794 269072
203794 270737
203794 276841
203794 286458
203794 274143
203794 269073
235576 235583
235576 235581
235576 235579
235576 235578
235576 235586
235576 300132
235576 243202
235576 243930
235576 235580
235576 235582
235576 300136
235576 243201
235576 235577
235576 243929
235576 246879
235576 300133
235576 300135
235576 300158
235576 235585
235576 307072
235576 235584
235576 300134
300133 300158
300133 307072
300133 300134
300133 300135
300133 300136
94290 245597
94290 240917
94290 237930
94290 232855
94290 222728
94290 195288
94290 126199
94290 163782
94290 189002
94290 212587
94290 269074
94290 124949
94290 270738
94290 165932
94290 264457
94290 269072
94290 270737
94290 119502
94290 276841
94290 286458
94290 274143
94290 168567
94290 202997
94290 203794
94290 269073
94290 129704
94290 165271
94290 186151
94290 175703
165271 245597
165271 240917
165271 237930
165271 232855
165271 222728
165271 195288
165271 189002
165271 203794
165271 212587
165271 269074
165271 270738
165271 165932
165271 264457
165271 269072
165271 270737
165271 276841
165271 286458
165271 274143
165271 168567
165271 202997
165271 269073
165271 175703
165271 186151
240917 245597
240917 269074
240917 270738
240917 264457
240917 269072
240917 270737
240917 276841
240917 286458
240917 274143
240917 269073
246879 300132
246879 300158
246879 307072
246879 300133
246879 300134
246879 300135
246879 300136
269073 269074
269073 270738
269073 270737
269073 286458
269073 276841
269073 274143
186151 245597
186151 240917
186151 237930
186151 232855
186151 222728
186151 195288
186151 189002
186151 203794
186151 212587
186151 269074
186151 270738
186151 264457
186151 269072
186151 270737
186151 276841
186151 286458
186151 274143
186151 202997
186151 269073
274143 286458
274143 276841
202997 245597
202997 240917
202997 237930
202997 232855
202997 222728
202997 203794
202997 212587
202997 269074
202997 270738
202997 264457
202997 269072
202997 270737
202997 276841
202997 286458
202997 274143
202997 269073
53056 245597
53056 240917
53056 237930
53056 232855
53056 222728
53056 195288
53056 126199
53056 163782
53056 189002
53056 212587
53056 269074
53056 124949
53056 270738
53056 165932
53056 264457
53056 269072
53056 270737
53056 119502
53056 91821
53056 276841
53056 286458
53056 129704
53056 94290
53056 203794
53056 88875
53056 274143
53056 168567
53056 202997
53056 269073
53056 165271
53056 186151
53056 175703
300134 300158
300134 307072
300134 300135
300134 300136
88875 245597
88875 240917
88875 237930
88875 232855
88875 222728
88875 195288
88875 163782
88875 126199
88875 189002
88875 94290
88875 203794
88875 212587
88875 269074
88875 124949
88875 270738
88875 165932
88875 264457
88875 269072
88875 270737
88875 119502
88875 91821
88875 276841
88875 286458
88875 129704
88875 202997
88875 269073
88875 274143
88875 168567
88875 165271
88875 186151
88875 175703
269072 269074
269072 270738
269072 270737
269072 286458
269072 276841
269072 274143
269072 269073
50361 245597
50361 240917
50361 237930
50361 232855
50361 222728
50361 195288
50361 126199
50361 163782
50361 189002
50361 94290
50361 203794
50361 212587
50361 264457
50361 269072
50361 124949
50361 270738
50361 165932
50361 269074
50361 270737
50361 119502
50361 91821
50361 276841
50361 286458
50361 88875
50361 274143
50361 168567
50361 129704
50361 53056
50361 50834
50361 202997
50361 269073
50361 165271
50361 186151
50361 175703
269074 270738
269074 270737
269074 286458
269074 276841
269074 274143
300135 300158
300135 307072
300135 300136
245597 269074
245597 270738
245597 264457
245597 269072
245597 270737
245597 276841
245597 286458
245597 274143
245597 269073
126199 245597
126199 240917
126199 237930
126199 232855
126199 222728
126199 195288
126199 163782
126199 189002
126199 175703
126199 203794
126199 212587
126199 269074
126199 270738
126199 165932
126199 264457
126199 269072
126199 270737
126199 276841
126199 286458
126199 274143
126199 168567
126199 129704
126199 202997
126199 269073
126199 165271
126199 186151
300132 300158
300132 307072
300132 300133
300132 300134
300132 300135
300132 300136
222728 245597
222728 240917
222728 237930
222728 232855
222728 269074
222728 270738
222728 264457
222728 269072
222728 270737
222728 276841
222728 286458
222728 274143
222728 269073
91821 245597
91821 240917
91821 237930
91821 232855
91821 222728
91821 195288
91821 126199
91821 163782
91821 189002
91821 94290
91821 203794
91821 212587
91821 269074
91821 124949
91821 270738
91821 165932
91821 264457
91821 269072
91821 270737
91821 119502
91821 276841
91821 286458
91821 274143
91821 168567
91821 129704
91821 202997
91821 269073
91821 165271
91821 186151
91821 175703
40503 245597
40503 240917
40503 237930
40503 232855
40503 222728
40503 195288
40503 163782
40503 126199
40503 189002
40503 212587
40503 50361
40503 269074
40503 124949
40503 270738
40503 165932
40503 264457
40503 274143
40503 269072
40503 270737
40503 119502
40503 91821
40503 276841
40503 286458
40503 94290
40503 203794
40503 88875
40503 168567
40503 129704
40503 53056
40503 50834
40503 202997
40503 269073
40503 44165
40503 165271
40503 186151
40503 175703
270738 286458
270738 276841
270738 274143
129704 245597
129704 240917
129704 237930
129704 232855
129704 222728
129704 195288
129704 163782
129704 189002
129704 212587
129704 269074
129704 270738
129704 165932
129704 203794
129704 264457
129704 269072
129704 270737
129704 276841
129704 286458
129704 274143
129704 168567
129704 202997
129704 269073
129704 165271
129704 186151
129704 175703
165932 245597
165932 240917
165932 237930
165932 232855
165932 222728
165932 195288
165932 189002
165932 203794
165932 212587
165932 269074
165932 270738
165932 264457
165932 269072
165932 270737
165932 276841
165932 286458
165932 274143
165932 168567
165932 202997
165932 269073
165932 186151
165932 175703
195288 245597
195288 240917
195288 237930
195288 232855
195288 222728
195288 203794
195288 212587
195288 269074
195288 270738
195288 264457
195288 269072
195288 270737
195288 276841
195288 286458
195288 274143
195288 202997
195288 269073
44165 245597
44165 240917
44165 237930
44165 232855
44165 222728
44165 195288
44165 126199
44165 163782
44165 189002
44165 212587
44165 50361
44165 269074
44165 124949
44165 270738
44165 165932
44165 264457
44165 269072
44165 269073
44165 94290
44165 203794
44165 270737
44165 119502
44165 91821
44165 276841
44165 286458
44165 88875
44165 274143
44165 168567
44165 129704
44165 53056
44165 50834
44165 202997
44165 165271
44165 186151
44165 175703
168567 245597
168567 240917
168567 237930
168567 232855
168567 222728
168567 195288
168567 189002
168567 203794
168567 212587
168567 269074
168567 270738
168567 264457
168567 269072
168567 270737
168567 276841
168567 286458
168567 274143
168567 202997
168567 269073
168567 186151
168567 175703
300136 300158
300136 307072
50834 245597
50834 240917
50834 237930
50834 232855
50834 222728
50834 202997
50834 195288
50834 126199
50834 163782
50834 94290
50834 203794
50834 212587
50834 269074
50834 124949
50834 270738
50834 165932
50834 264457
50834 269072
50834 270737
50834 119502
50834 91821
50834 276841
50834 286458
50834 88875
50834 274143
50834 168567
50834 129704
50834 53056
50834 269073
50834 165271
50834 186151
50834 175703
50834 189002
163782 245597
163782 240917
163782 237930
163782 232855
163782 222728
163782 195288
163782 189002
163782 175703
163782 203794
163782 212587
163782 269074
163782 270738
163782 165932
163782 264457
163782 269072
163782 270737
163782 276841
163782 286458
163782 274143
163782 168567
163782 202997
163782 269073
163782 165271
163782 186151
175703 245597
175703 240917
175703 237930
175703 232855
175703 222728
175703 195288
175703 189002
175703 203794
175703 212587
175703 269074
175703 270738
175703 264457
175703 269072
175703 270737
175703 276841
175703 286458
175703 274143
175703 202997
175703 269073
175703 186151
232855 245597
232855 240917
232855 237930
232855 269074
232855 270738
232855 264457
232855 269072
232855 270737
232855 276841
232855 286458
232855 274143
232855 269073
237930 245597
237930 240917
237930 269074
237930 270738
237930 264457
237930 269072
237930 270737
237930 276841
237930 286458
237930 274143
237930 269073
30171 245597
30171 240917
30171 237930
30171 232855
30171 222728
30171 195288
30171 126199
30171 163782
30171 189002
30171 94290
30171 203794
30171 212587
30171 50361
30171 269074
30171 124949
30171 270738
30171 165932
30171 264457
30171 269072
30171 270737
30171 119502
30171 91821
30171 276841
30171 286458
30171 88875
30171 274143
30171 40503
30171 168567
30171 129704
30171 53056
30171 50834
30171 202997
30171 269073
30171 44165
30171 165271
30171 186151
30171 175703
276841 286458
124949 245597
124949 240917
124949 237930
124949 232855
124949 222728
124949 195288
124949 126199
124949 163782
124949 189002
124949 168567
124949 203794
124949 264457
124949 274143
124949 269072
124949 270737
124949 270738
124949 165932
124949 276841
124949 286458
124949 129704
124949 269074
124949 212587
124949 202997
124949 269073
124949 165271
124949 186151
124949 175703
264457 269074
264457 270738
264457 269072
264457 270737
264457 286458
264457 276841
264457 274143
264457 269073
27587 235583
27587 235581
27587 235579
27587 115219
27587 235578
27587 217119
27587 235586
27587 300132
27587 210575
27587 243202
27587 226539
27587 164044
27587 243930
27587 235575
27587 235580
27587 153829
27587 106561
27587 235582
27587 147530
27587 300136
27587 243201
27587 106759
27587 235577
27587 243929
27587 246879
27587 300133
27587 300135
27587 300158
27587 149358
27587 159798
27587 307072
27587 123616
27587 88126
27587 235585
27587 217118
27587 73350
27587 235576
27587 121672
27587 235584
27587 49793
27587 300134
123616 235583
123616 235581
123616 235579
123616 235578
123616 217119
123616 235586
123616 300132
123616 210575
123616 243202
123616 226539
123616 164044
123616 243930
123616 235575
123616 235580
123616 153829
123616 235582
123616 147530
123616 300136
123616 243201
123616 235577
123616 243929
123616 246879
123616 300133
123616 300135
123616 300158
123616 149358
123616 159798
123616 307072
123616 217118
123616 235585
123616 235576
123616 235584
123616 300134
235577 235583
235577 235581
235577 235579
235577 235578
235577 235586
235577 300132
235577 243202
235577 243930
235577 235580
235577 235582
235577 300136
235577 243201
235577 243929
235577 246879
235577 300133
235577 300135
235577 300158
235577 235585
235577 307072
235577 235584
235577 300134
106561 235583
106561 235582
106561 235581
106561 235579
106561 115219
106561 235578
106561 217119
106561 235586
106561 300132
106561 210575
106561 243202
106561 226539
106561 164044
106561 243930
106561 235580
106561 153829
106561 147530
106561 243201
106561 300136
106561 106759
106561 235577
106561 243929
106561 246879
106561 300133
106561 300135
106561 300158
106561 149358
106561 159798
106561 235575
106561 123616
106561 217118
106561 235585
106561 307072
106561 235576
106561 121672
106561 235584
106561 300134
235580 235583
235580 235581
235580 235586
235580 300132
235580 243202
235580 243930
235580 235582
235580 300136
235580 243201
235580 243929
235580 246879
235580 300133
235580 300135
235580 300158
235580 235585
235580 307072
235580 235584
235580 300134
226539 235583
226539 235581
226539 235579
226539 235578
226539 235586
226539 300132
226539 243202
226539 243930
226539 235580
226539 235582
226539 300136
226539 243201
226539 235577
226539 243929
226539 246879
226539 300133
226539 300135
226539 300158
226539 235575
226539 235585
226539 307072
226539 235576
226539 235584
226539 300134
164044 235583
164044 235581
164044 235579
164044 235578
164044 226539
164044 217119
164044 235586
164044 300132
164044 210575
164044 243202
164044 235580
164044 235575
164044 235582
164044 300136
164044 243201
164044 235577
164044 243929
164044 246879
164044 243930
164044 300133
164044 300135
164044 300158
164044 307072
164044 235585
164044 217118
164044 235576
164044 235584
164044 300134
159798 235583
159798 235581
159798 235579
159798 235578
159798 217119
159798 235586
159798 300132
159798 210575
159798 243202
159798 226539
159798 164044
159798 243930
159798 235580
159798 235582
159798 300136
159798 243201
159798 235577
159798 243929
159798 246879
159798 300133
159798 300135
159798 300158
159798 235575
159798 217118
159798 235585
159798 307072
159798 235576
159798 235584
159798 300134
243201 300132
243201 243202
243201 243930
243201 300136
243201 243929
243201 246879
243201 300133
243201 300135
243201 300158
243201 307072
243201 300134
235586 300132
235586 243202
235586 243930
235586 300136
235586 243201
235586 243929
235586 246879
235586 300133
235586 300135
235586 300158
235586 307072
235586 300134
300158 307072
243202 300132
243202 243930
243202 300136
243202 243929
243202 246879
243202 300133
243202 300135
243202 300158
243202 307072
243202 300134
217118 235583
217118 235581
217118 235579
217118 235578
217118 217119
217118 235586
217118 300132
217118 243202
217118 226539
217118 243930
217118 235580
217118 235582
217118 300136
217118 243201
217118 235577
217118 243929
217118 246879
217118 300133
217118 300135
217118 300158
217118 235575
217118 235585
217118 307072
217118 235576
217118 235584
217118 300134
235584 235586
235584 300132
235584 243202
235584 243930
235584 300136
235584 243201
235584 243929
235584 246879
235584 300133
235584 300135
235584 300158
235584 235585
235584 307072
235584 300134
243929 300132
243929 243930
243929 300136
243929 246879
243929 300133
243929 300135
243929 300158
243929 307072
243929 300134
235583 235586
235583 300132
235583 243202
235583 243930
235583 300136
235583 243201
235583 243929
235583 246879
235583 300133
235583 300135
235583 300158
235583 235585
235583 307072
235583 235584
235583 300134
147530 235583
147530 235581
147530 235579
147530 235578
147530 217119
147530 235586
147530 300132
147530 210575
147530 243202
147530 226539
147530 164044
147530 243930
147530 235575
147530 235580
147530 153829
147530 235582
147530 300136
147530 243201
147530 235577
147530 243929
147530 246879
147530 300133
147530 300135
147530 300158
147530 149358
147530 159798
147530 307072
147530 235585
147530 217118
147530 235576
147530 235584
147530 300134
153829 235583
153829 235581
153829 235580
153829 235579
153829 235578
153829 217119
153829 235586
153829 300132
153829 210575
153829 243202
153829 226539
153829 164044
153829 243930
153829 235582
153829 300136
153829 243201
153829 235577
153829 243929
153829 246879
153829 300133
153829 300135
153829 300158
153829 159798
153829 235575
153829 217118
153829 235585
153829 307072
153829 235576
153829 235584
153829 300134
235585 235586
235585 300132
235585 243202
235585 243930
235585 300136
235585 243201
235585 243929
235585 246879
235585 300133
235585 300135
235585 300158
235585 307072
235585 300134
115219 235583
115219 235581
115219 235579
115219 235578
115219 217119
115219 235586
115219 300132
115219 210575
115219 243202
115219 226539
115219 164044
115219 243930
115219 235575
115219 159798
115219 235580
115219 153829
115219 235582
115219 147530
115219 300136
115219 243201
115219 235577
115219 243929
115219 246879
115219 300133
115219 300135
115219 300158
115219 149358
115219 307072
115219 123616
115219 235585
115219 217118
115219 235576
115219 121672
115219 235584
115219 300134
235579 235583
235579 235581
235579 235586
235579 300132
235579 243202
235579 243930
235579 235580
235579 235582
235579 300136
235579 243201
235579 246879
235579 243929
235579 300133
235579 300135
235579 300158
235579 307072
235579 235585
235579 235584
235579 300134
235575 235583
235575 235581
235575 235579
235575 235578
235575 235586
235575 300132
235575 243202
235575 243930
235575 235580
235575 235582
235575 300136
235575 243201
235575 235577
235575 243929
235575 246879
235575 300133
235575 300135
235575 300158
235575 235585
235575 307072
235575 235576
235575 235584
235575 300134
16175 235583
16175 235581
16175 235579
16175 115219
16175 235578
16175 217119
16175 235586
16175 300132
16175 210575
16175 243202
16175 226539
16175 164044
16175 243930
16175 235575
16175 235580
16175 153829
16175 106561
16175 235582
16175 147530
16175 300136
16175 243201
16175 106759
16175 235577
16175 243929
16175 246879
16175 300133
16175 300135
16175 300158
16175 27587
16175 149358
16175 159798
16175 307072
16175 123616
16175 88126
16175 235585
16175 217118
16175 73350
16175 235576
16175 121672
16175 235584
16175 49793
16175 300134
73350 235583
73350 235581
73350 235579
73350 115219
73350 235578
73350 235576
73350 217119
73350 235586
73350 300132
73350 210575
73350 243202
73350 226539
73350 164044
73350 243930
73350 235580
73350 153829
73350 106561
73350 235582
73350 147530
73350 300136
73350 243201
73350 106759
73350 235577
73350 243929
73350 246879
73350 300133
73350 300135
73350 300158
73350 149358
73350 159798
73350 235575
73350 307072
73350 123616
73350 88126
73350 235585
73350 217118
73350 121672
73350 235584
73350 300134
106759 235583
106759 235581
106759 235579
106759 115219
106759 235578
106759 235577
106759 217119
106759 235586
106759 300132
106759 210575
106759 243202
106759 226539
106759 164044
106759 243930
106759 235580
106759 153829
106759 235582
106759 147530
106759 300136
106759 243201
106759 243929
106759 246879
106759 300133
106759 300135
106759 300158
106759 149358
106759 159798
106759 235575
106759 307072
106759 123616
106759 235585
106759 217118
106759 235576
106759 121672
106759 235584
106759 300134
49793 235583
49793 235581
49793 235579
49793 115219
49793 235578
49793 217119
49793 235586
49793 300132
49793 210575
49793 243202
49793 226539
49793 164044
49793 243930
49793 235575
49793 235580
49793 153829
49793 106561
49793 235582
49793 147530
49793 300136
49793 243201
49793 106759
49793 235577
49793 243929
49793 246879
49793 300133
49793 300135
49793 300158
49793 149358
49793 159798
49793 307072
49793 123616
49793 88126
49793 235585
49793 217118
49793 73350
49793 235576
49793 121672
49793 235584
49793 300134
235578 235583
235578 235581
235578 235579
235578 235586
235578 300132
235578 243202
235578 243930
235578 235580
235578 235582
235578 300136
235578 243201
235578 243929
235578 246879
235578 300133
235578 300135
235578 300158
235578 235585
235578 307072
235578 235584
235578 300134
217119 235583
217119 235581
217119 235579
217119 235578
217119 243202
217119 226539
217119 243930
217119 235580
217119 235575
217119 243201
217119 300136
217119 235582
217119 235577
217119 243929
217119 246879
217119 300133
217119 300135
217119 235586
217119 300132
217119 300158
217119 307072
217119 235585
217119 235576
217119 235584
217119 300134
235582 235583
235582 235586
235582 300132
235582 243202
235582 243930
235582 300136
235582 243201
235582 243929
235582 246879
235582 300133
235582 300135
235582 300158
235582 235585
235582 307072
235582 235584
235582 300134
235581 235583
235581 235586
235581 300132
235581 243202
235581 243930
235581 235582
235581 300136
235581 243201
235581 243929
235581 246879
235581 300133
235581 300135
235581 300158
235581 235585
235581 307072
235581 235584
235581 300134
11978 235583
11978 235581
11978 235579
11978 115219
11978 235578
11978 73350
11978 235576
11978 123616
11978 88126
11978 235585
11978 217118
11978 235582
11978 106561
11978 235580
11978 153829
11978 121672
11978 147530
11978 243201
11978 243929
11978 106759
11978 235577
11978 235584
11978 49793
11978 16175
11978 27587
11978 149358
11978 159798
11978 235575
11978 243930
11978 164044
11978 226539
11978 243202
11978 210575
11978 217119
11978 235586
41933 149358
41933 124253
41933 59902
41933 118047
41933 150933
41933 131657
41933 113834
41933 149359
41933 58411
41933 51801
41933 146489
41933 149360
41933 120153
41933 149364
41933 159298
41933 150939
41933 159297
41933 150938
41933 150937
41933 150936
41933 149363
41933 150935
41933 149362
41933 150934
41933 149361
41933 150932
41933 150931
51801 149358
51801 124253
51801 59902
51801 118047
51801 150933
51801 131657
51801 113834
51801 149359
51801 58411
51801 146489
51801 149360
51801 120153
51801 149364
51801 159298
51801 150939
51801 159297
51801 150938
51801 150937
51801 150936
51801 149363
51801 150935
51801 149362
51801 150934
51801 149361
51801 150932
51801 150931
58411 149359
58411 113834
58411 149358
58411 124253
58411 59902
58411 118047
58411 150933
58411 131657
58411 146489
58411 149360
58411 120153
58411 149364
58411 159298
58411 150939
58411 159297
58411 150938
58411 150937
58411 150936
58411 149363
58411 150935
58411 149362
58411 150934
58411 149361
58411 150932
58411 150931
118047 149358
118047 124253
118047 150933
118047 131657
118047 149359
118047 146489
118047 149360
118047 120153
118047 149364
118047 159298
118047 150939
118047 159297
118047 150938
118047 150937
118047 150936
118047 149363
118047 150935
118047 149362
118047 150934
118047 149361
118047 150932
118047 150931
59902 149358
59902 124253
59902 118047
59902 150933
59902 131657
59902 113834
59902 149359
59902 146489
59902 149360
59902 120153
59902 149364
59902 159298
59902 150939
59902 159297
59902 150938
59902 150937
59902 150936
59902 149363
59902 150935
59902 149362
59902 150934
59902 149361
59902 150932
59902 150931
124253 149358
124253 131657
124253 149359
124253 150933
124253 146489
124253 149360
124253 149364
124253 159298
124253 150939
124253 159297
124253 150938
124253 150937
124253 150936
124253 149363
124253 150935
124253 149362
124253 150934
124253 149361
124253 150932
124253 150931
131657 149358
131657 150933
131657 149359
131657 146489
131657 149360
131657 149364
131657 159298
131657 150939
131657 159297
131657 150938
131657 150937
131657 150936
131657 149363
131657 150935
131657 149362
131657 150934
131657 149361
131657 150932
131657 150931
149361 150933
149361 159298
149361 150939
149361 159297
149361 150938
149361 150937
149361 149364
149361 150936
149361 149363
149361 150935
149361 149362
149361 150934
149361 150932
149361 150931
149363 150933
149363 159298
149363 150939
149363 159297
149363 150938
149363 150937
149363 149364
149363 150936
149363 150935
149363 150934
149363 150932
149363 150931
150932 150933
150932 159298
150932 150939
150932 159297
150932 150938
150932 150937
150932 150936
150932 150935
150932 150934
150933 159298
150933 150939
150933 159297
150933 150938
150933 150937
150933 150936
150933 150935
150933 150934
150934 159298
150934 150939
150934 159297
150934 150938
150934 150937
150934 150936
150934 150935
150935 159298
150935 150939
150935 159297
150935 150938
150935 150937
150935 150936
3294 264457
3294 245597
3294 240917
3294 237930
3294 150935
3294 232855
3294 118047
3294 124253
3294 51801
3294 270738
3294 124949
3294 276841
3294 286458
3294 41933
3294 50834
3294 149364
3294 113834
3294 149359
3294 195288
3294 159298
3294 163782
3294 149361
3294 149360
3294 129704
3294 30171
3294 274143
3294 149358
3294 40503
3294 119502
3294 270737
3294 126199
3294 269074
3294 50361
3294 120153
3294 149363
3294 149362
3294 269073
3294 88875
3294 269072
3294 203794
3294 131657
3294 59902
3294 91821
3294 150939
3294 150937
3294 58411
3294 150931
3294 94290
3294 150932
3294 212587
3294 150933
3294 146489
3294 150934
3294 165271
3294 150936
3294 175703
3294 150938
3294 159297
3294 165932
3294 168567
3294 44165
3294 186151
3294 189002
3294 202997
3294 53056
3294 222728
113834 149358
113834 131657
113834 124253
113834 118047
113834 150933
113834 149359
113834 146489
113834 149360
113834 120153
113834 149364
113834 159298
113834 150939
113834 159297
113834 150938
113834 150937
113834 150936
113834 149363
113834 150935
113834 149362
113834 150934
113834 149361
113834 150932
113834 150931
120153 149358
120153 124253
120153 150933
120153 131657
120153 149359
120153 146489
120153 149360
120153 149364
120153 159298
120153 150939
120153 159297
120153 150938
120153 150937
120153 150936
120153 149363
120153 150935
120153 149362
120153 150934
120153 149361
120153 150932
120153 150931
146489 149358
146489 150933
146489 149359
146489 149364
146489 149360
146489 159298
146489 150939
146489 159297
146489 150938
146489 150937
146489 150936
146489 149363
146489 150935
146489 149362
146489 150934
146489 149361
146489 150932
146489 150931
149358 235583
149358 235582
149358 243202
149358 235581
149358 243201
149358 235580
149358 235578
149358 235576
149358 246879
149358 226539
149358 149359
149358 300132
149358 217119
149358 235586
149358 150931
149358 159297
149358 235584
149358 307072
149358 300136
149358 235579
149358 149362
149358 149364
149358 300135
149358 149363
149358 300134
149358 150933
149358 300158
149358 243930
149358 164044
149358 149360
149358 243929
149358 150935
149358 150936
149358 235575
149358 235577
149358 150939
149358 150932
149358 150934
149358 150937
149358 150938
149358 159298
149358 217118
149358 235585
149358 153829
149358 300133
149358 159798
149358 210575
149358 149361
149359 150933
149359 149360
149359 149364
149359 159298
149359 150939
149359 159297
149359 150938
149359 150937
149359 150936
149359 149363
149359 150935
149359 149362
149359 150934
149359 149361
149359 150932
149359 150931
149360 150933
149360 149364
149360 159298
149360 150939
149360 159297
149360 150938
149360 150937
149360 150936
149360 149363
149360 150935
149360 149362
149360 150934
149360 149361
149360 150932
149360 150931
150931 150933
150931 159298
150931 150939
150931 159297
150931 150938
150931 150937
150931 150936
150931 150935
150931 150934
150931 150932
149362 150933
149362 159298
149362 150939
149362 159297
149362 150938
149362 150937
149362 149364
149362 150936
149362 149363
149362 150935
149362 150934
149362 150932
149362 150931
150937 159298
150937 150939
150937 159297
150937 150938
150938 159298
150938 150939
150938 159297
150939 159298
150939 159297
159297 159298
150936 159298
150936 150939
150936 159297
150936 150938
150936 150937
149364 150933
149364 159298
149364 150939
149364 159297
149364 150938
149364 150937
149364 150936
149364 150935
149364 150934
149364 150932
149364 150931
