k : 29
Overall running time: 0.890713s.
diameter : 3
max_attr : 11
min_attr : 6
attribute delta : 5
final attribute distribution : 
11 9 10 11 9 6 


ans.V.size: 148
235616 3
235617 1
83901 2
188965 5
237481 5
235607 3
235605 0
236038 4
235603 2
235615 4
235609 4
210316 0
235621 0
235606 1
268591 3
268535 0
236037 2
235604 1
235618 5
235611 4
235620 1
235610 0
235608 1
236036 1
235613 2
235285 4
66437 4
268589 2
27442 3
235612 0
239588 1
268579 1
268541 5
268539 0
268588 5
261188 5
230056 2
268582 5
271050 0
256186 5
268583 5
268536 1
268581 5
187919 3
268543 2
239589 5
168600 0
268586 0
154257 5
199215 5
102133 4
268590 3
268540 3
268584 0
268585 1
223289 3
148775 2
268538 3
268580 1
268587 0
239587 5
269081 2
268537 0
239662 0
232767 5
132024 4
23836 5
42226 1
167029 4
168843 4
48448 4
53073 3
77423 5
171906 5
82566 5
110962 0
171907 3
121672 0
132025 3
106528 3
106704 1
167034 5
100150 2
2929 5
150631 0
13652 5
237482 3
117932 5
168121 4
114228 0
31661 3
37620 3
22761 5
167032 5
84450 4
90656 4
76582 2
142449 0
131323 1
171908 2
150629 0
167031 2
167030 4
81929 3
44424 5
167035 2
24184 0
149658 3
167033 3
105410 1
76583 2
102523 2
111989 4
266703 3
268666 4
282780 3
235614 4
268542 1
235619 1
149420 5
167811 5
188102 5
196487 5
197560 5
19643 3
36301 2
48649 2
64059 3
77642 2
95051 3
102416 4
103556 3
111838 2
126914 1
149421 1
149422 3
149423 0
149424 0
150994 4
149425 1
167016 3
188944 3
199738 3
188103 2
188104 4
189161 1
192622 0
18971 4

235616 237481
235616 236037
235616 236036
235616 237482
235616 282780
235616 236038
235616 268666
235616 266703
235616 235617
235616 235618
235616 235619
235616 235620
235616 235621
235617 237481
235617 236037
235617 236036
235617 237482
235617 282780
235617 236038
235617 268666
235617 266703
235617 235618
235617 235619
235617 235620
235617 235621
83901 237481
83901 236037
83901 236036
83901 188965
83901 282780
83901 237482
83901 235609
83901 236038
83901 235603
83901 210316
83901 235604
83901 235605
83901 235608
83901 235607
83901 235610
83901 266703
83901 235615
83901 268666
83901 235606
83901 167811
83901 188944
83901 235613
83901 235612
83901 235611
83901 235614
83901 235616
83901 235617
83901 235618
83901 235619
83901 235620
83901 235621
188965 237482
188965 237481
188965 236037
188965 210316
188965 235604
188965 235605
188965 235608
188965 236038
188965 235603
188965 235609
188965 235607
188965 235610
188965 266703
188965 235615
188965 268666
188965 235606
188965 282780
188965 235613
188965 235612
188965 235611
188965 235614
188965 235616
188965 235617
188965 235618
188965 235619
188965 235620
188965 235621
188965 236036
237481 237482
237481 282780
237481 268666
237481 266703
235607 237481
235607 236037
235607 236036
235607 237482
235607 282780
235607 235609
235607 236038
235607 235608
235607 235610
235607 266703
235607 235615
235607 268666
235607 235613
235607 235612
235607 235611
235607 235614
235607 235616
235607 235617
235607 235618
235607 235619
235607 235620
235607 235621
235605 237481
235605 236037
235605 236036
235605 237482
235605 282780
235605 235609
235605 236038
235605 235608
235605 235607
235605 235610
235605 266703
235605 235615
235605 268666
235605 235606
235605 235613
235605 235612
235605 235611
235605 235614
235605 235616
235605 235617
235605 235618
235605 235619
235605 235620
235605 235621
236038 237481
236038 268666
236038 237482
236038 282780
236038 266703
235603 237481
235603 236038
235603 236037
235603 237482
235603 282780
235603 235609
235603 235604
235603 235605
235603 235608
235603 235607
235603 235610
235603 266703
235603 235615
235603 268666
235603 235606
235603 235613
235603 235612
235603 235611
235603 235614
235603 235616
235603 235617
235603 235618
235603 235619
235603 235620
235603 235621
235603 236036
235615 237481
235615 236037
235615 236036
235615 237482
235615 282780
235615 236038
235615 268666
235615 266703
235615 235616
235615 235617
235615 235618
235615 235619
235615 235620
235615 235621
235609 237481
235609 236037
235609 236036
235609 237482
235609 282780
235609 236038
235609 235610
235609 266703
235609 235615
235609 268666
235609 235613
235609 235612
235609 235611
235609 235614
235609 235616
235609 235617
235609 235618
235609 235619
235609 235620
235609 235621
210316 237481
210316 236037
210316 236036
210316 237482
210316 282780
210316 235609
210316 236038
210316 235603
210316 235604
210316 235605
210316 235608
210316 235607
210316 235610
210316 266703
210316 235615
210316 268666
210316 235606
210316 235613
210316 235612
210316 235611
210316 235614
210316 235616
210316 235617
210316 235618
210316 235619
210316 235620
210316 235621
235621 237481
235621 236037
235621 236036
235621 237482
235621 282780
235621 236038
235621 268666
235621 266703
235606 268666
235606 237482
235606 237481
235606 235614
235606 235613
235606 235615
235606 266703
235606 235610
235606 235612
235606 235620
235606 235611
235606 282780
235606 235607
235606 235616
235606 235617
235606 235618
235606 235619
235606 235621
235606 236038
235606 235608
235606 235609
235606 236036
235606 236037
268591 269081
268591 271050
268535 268543
268535 268542
268535 268541
268535 268537
268535 268536
268535 268540
268535 268579
268535 268580
268535 268582
268535 268584
268535 268585
268535 268586
268535 268588
268535 269081
268535 268589
268535 268590
268535 268591
268535 268587
268535 268583
268535 268539
268535 268538
268535 271050
268535 268581
236037 237481
236037 237482
236037 282780
236037 236038
236037 268666
236037 266703
235604 237481
235604 236037
235604 236036
235604 237482
235604 282780
235604 235609
235604 236038
235604 235605
235604 235608
235604 235607
235604 235610
235604 266703
235604 235615
235604 268666
235604 235606
235604 235613
235604 235612
235604 235611
235604 235614
235604 235616
235604 235617
235604 235618
235604 235619
235604 235620
235604 235621
235618 237481
235618 236037
235618 236036
235618 237482
235618 282780
235618 236038
235618 268666
235618 266703
235618 235619
235618 235620
235618 235621
235611 237481
235611 236037
235611 236036
235611 237482
235611 282780
235611 236038
235611 268666
235611 235613
235611 235612
235611 235615
235611 266703
235611 235614
235611 235616
235611 235617
235611 235618
235611 235619
235611 235620
235611 235621
235620 237481
235620 236037
235620 236036
235620 237482
235620 282780
235620 236038
235620 268666
235620 266703
235620 235621
235610 237481
235610 236037
235610 236036
235610 237482
235610 282780
235610 236038
235610 266703
235610 235615
235610 268666
235610 235613
235610 235612
235610 235611
235610 235614
235610 235616
235610 235617
235610 235618
235610 235619
235610 235620
235610 235621
235608 237481
235608 236037
235608 236036
235608 237482
235608 282780
235608 235609
235608 236038
235608 235610
235608 266703
235608 235615
235608 268666
235608 235613
235608 235612
235608 235611
235608 235614
235608 235616
235608 235617
235608 235618
235608 235619
235608 235620
235608 235621
236036 237481
236036 236037
236036 237482
236036 282780
236036 236038
236036 268666
236036 266703
235613 237481
235613 236037
235613 236036
235613 237482
235613 282780
235613 236038
235613 268666
235613 235615
235613 266703
235613 235614
235613 235616
235613 235617
235613 235618
235613 235619
235613 235620
235613 235621
235285 268543
235285 268542
235285 268541
235285 268537
235285 268536
235285 268540
235285 256186
235285 239588
235285 268579
235285 239589
235285 261188
235285 268580
235285 268582
235285 268584
235285 268585
235285 268586
235285 268588
235285 269081
235285 268589
235285 268590
235285 268591
235285 268587
235285 239587
235285 268583
235285 268539
235285 268535
235285 268538
235285 271050
235285 239662
235285 268581
66437 268543
66437 268542
66437 223289
66437 268541
66437 268538
66437 268537
66437 268536
66437 268540
66437 154257
66437 199215
66437 256186
66437 239588
66437 268579
66437 235285
66437 268582
66437 268580
66437 232767
66437 268584
66437 268585
66437 268586
66437 268588
66437 269081
66437 268589
66437 239589
66437 268590
66437 268591
66437 268587
66437 239587
66437 261188
66437 268583
66437 230056
66437 268539
66437 168600
66437 148775
66437 268535
66437 271050
66437 187919
66437 102133
66437 239662
66437 150994
66437 268581
268589 269081
268589 268590
268589 268591
268589 271050
27442 268543
27442 268542
27442 223289
27442 268541
27442 268537
27442 268536
27442 268540
27442 154257
27442 199215
27442 256186
27442 239588
27442 268579
27442 239589
27442 268580
27442 232767
27442 268582
27442 268584
27442 268585
27442 268586
27442 268588
27442 269081
27442 268589
27442 268590
27442 235285
27442 268591
27442 268587
27442 239587
27442 261188
27442 268583
27442 230056
27442 268539
27442 168600
27442 148775
27442 268535
27442 66437
27442 268538
27442 271050
27442 187919
27442 102133
27442 239662
27442 150994
27442 268581
235612 237481
235612 236037
235612 236036
235612 237482
235612 282780
235612 236038
235612 268666
235612 235613
235612 235615
235612 266703
235612 235614
235612 235616
235612 235617
235612 235618
235612 235619
235612 235620
235612 235621
239588 268543
239588 268542
239588 268541
239588 268537
239588 268536
239588 268540
239588 256186
239588 268579
239588 239589
239588 261188
239588 268580
239588 268582
239588 268584
239588 268585
239588 268586
239588 268588
239588 269081
239588 268589
239588 268590
239588 268591
239588 268587
239588 268583
239588 268539
239588 268535
239588 268538
239588 271050
239588 239662
239588 268581
268579 268580
268579 268582
268579 268584
268579 268585
268579 268586
268579 268588
268579 269081
268579 268589
268579 268590
268579 268591
268579 268587
268579 268583
268579 271050
268579 268581
268541 268543
268541 268542
268541 268579
268541 268580
268541 268582
268541 268584
268541 268585
268541 268586
268541 268588
268541 269081
268541 268589
268541 268590
268541 268591
268541 268587
268541 268583
268541 271050
268541 268581
268539 268543
268539 268542
268539 268541
268539 268540
268539 268579
268539 268580
268539 268582
268539 268584
268539 268585
268539 268586
268539 268588
268539 269081
268539 268589
268539 268590
268539 268591
268539 268587
268539 268583
268539 271050
268539 268581
268588 268589
268588 268590
268588 268591
268588 269081
268588 271050
261188 268543
261188 268542
261188 268541
261188 268537
261188 268536
261188 268540
261188 268579
261188 268580
261188 268582
261188 268584
261188 268585
261188 268586
261188 268588
261188 269081
261188 268589
261188 268590
261188 268591
261188 268587
261188 268583
261188 268539
261188 268535
261188 268538
261188 271050
261188 268581
230056 268543
230056 268542
230056 268541
230056 268537
230056 268536
230056 268540
230056 256186
230056 239588
230056 268579
230056 239589
230056 235285
230056 268582
230056 268583
230056 261188
230056 268584
230056 268585
230056 268586
230056 268588
230056 269081
230056 268589
230056 268590
230056 268591
230056 268587
230056 239587
230056 232767
230056 268580
230056 268539
230056 268535
230056 268538
230056 271050
230056 239662
230056 268581
268582 268584
268582 268585
268582 268586
268582 268588
268582 269081
268582 268589
268582 268590
268582 268591
268582 268587
268582 268583
268582 271050
256186 268543
256186 268542
256186 268541
256186 268540
256186 268537
256186 268536
256186 268579
256186 261188
256186 268580
256186 268582
256186 268584
256186 268585
256186 268586
256186 268588
256186 269081
256186 268589
256186 268590
256186 268591
256186 268587
256186 268583
256186 268539
256186 268535
256186 268538
256186 271050
256186 268581
268583 268584
268583 268585
268583 268586
268583 268588
268583 269081
268583 268589
268583 268590
268583 268591
268583 268587
268583 271050
268536 268543
268536 268542
268536 268541
268536 268537
268536 268540
268536 268579
268536 268580
268536 268582
268536 268584
268536 268585
268536 268586
268536 268588
268536 269081
268536 268589
268536 268590
268536 268591
268536 268587
268536 268583
268536 268539
268536 268538
268536 271050
268536 268581
268581 268582
268581 268584
268581 268585
268581 268586
268581 268588
268581 269081
268581 268589
268581 268590
268581 268591
268581 268587
268581 268583
268581 271050
187919 268543
187919 239587
187919 268541
187919 268539
187919 268538
187919 268579
187919 268537
187919 261188
187919 256186
187919 239589
187919 239588
187919 268582
187919 230056
187919 268583
187919 268584
187919 268585
187919 268586
187919 269081
187919 268588
187919 268535
187919 268587
187919 268589
187919 268590
187919 268591
187919 268540
187919 199215
187919 271050
187919 239662
187919 268536
187919 223289
187919 268542
187919 268581
187919 232767
187919 268580
187919 235285
268543 268579
268543 268580
268543 268582
268543 268584
268543 268585
268543 268586
268543 268588
268543 269081
268543 268589
268543 268590
268543 268591
268543 268587
268543 268583
268543 271050
268543 268581
239589 268543
239589 268542
239589 268541
239589 268537
239589 268536
239589 268540
239589 256186
239589 268579
239589 261188
239589 268580
239589 268582
239589 268584
239589 268585
239589 268586
239589 268588
239589 269081
239589 268589
239589 268590
239589 268591
239589 268587
239589 268583
239589 268539
239589 268535
239589 268538
239589 271050
239589 239662
239589 268581
168600 268543
168600 268542
168600 223289
168600 268541
168600 268537
168600 268536
168600 268540
168600 199215
168600 256186
168600 239588
168600 268579
168600 239589
168600 235285
168600 268582
168600 268580
168600 232767
168600 268584
168600 268585
168600 268586
168600 268588
168600 269081
168600 268589
168600 268590
168600 268591
168600 268587
168600 239587
168600 261188
168600 268583
168600 230056
168600 268539
168600 268535
168600 268538
168600 271050
168600 187919
168600 239662
168600 268581
268586 268588
268586 269081
268586 268589
268586 268590
268586 268591
268586 268587
268586 271050
154257 268543
154257 268542
154257 223289
154257 268541
154257 268537
154257 268536
154257 268540
154257 199215
154257 256186
154257 239662
154257 187919
154257 271050
154257 239588
154257 235285
154257 268582
154257 268580
154257 232767
154257 268584
154257 268585
154257 268586
154257 268588
154257 269081
154257 268589
154257 239589
154257 268590
154257 268591
154257 268587
154257 239587
154257 261188
154257 268583
154257 230056
154257 268539
154257 168600
154257 268535
154257 268538
154257 268581
154257 268579
199215 268543
199215 268542
199215 223289
199215 268541
199215 268537
199215 268536
199215 261188
199215 268540
199215 256186
199215 239588
199215 268579
199215 239589
199215 235285
199215 268582
199215 268580
199215 232767
199215 268584
199215 268585
199215 268586
199215 268588
199215 269081
199215 268589
199215 268590
199215 268591
199215 268587
199215 239587
199215 268583
199215 230056
199215 268539
199215 268535
199215 268538
199215 271050
199215 239662
199215 268581
102133 268543
102133 268542
102133 223289
102133 268541
102133 268537
102133 268536
102133 268535
102133 268540
102133 154257
102133 199215
102133 256186
102133 239588
102133 268579
102133 235285
102133 268582
102133 268580
102133 232767
102133 268584
102133 268585
102133 268586
102133 268588
102133 269081
102133 268589
102133 239589
102133 268590
102133 268591
102133 268587
102133 239587
102133 261188
102133 268583
102133 230056
102133 268539
102133 168600
102133 148775
102133 268538
102133 271050
102133 187919
102133 239662
102133 150994
102133 268581
268590 269081
268590 268591
268590 271050
268540 268543
268540 268542
268540 268541
268540 268579
268540 268581
268540 268580
268540 268582
268540 268584
268540 268585
268540 268586
268540 268588
268540 269081
268540 268589
268540 268590
268540 268591
268540 268587
268540 268583
268540 271050
268584 268585
268584 268586
268584 268588
268584 269081
268584 268589
268584 268590
268584 268591
268584 268587
268584 271050
268585 268586
268585 268588
268585 269081
268585 268589
268585 268590
268585 268591
268585 268587
268585 271050
223289 268543
223289 268542
223289 268541
223289 268537
223289 268536
223289 268540
223289 256186
223289 239588
223289 239587
223289 268579
223289 239589
223289 235285
223289 268582
223289 268580
223289 232767
223289 268584
223289 268585
223289 268586
223289 268588
223289 269081
223289 268589
223289 268590
223289 268591
223289 268587
223289 261188
223289 268583
223289 230056
223289 268539
223289 268535
223289 268538
223289 271050
223289 239662
223289 268581
148775 268543
148775 268542
148775 223289
148775 268541
148775 268537
148775 268536
148775 268540
148775 154257
148775 199215
148775 256186
148775 239588
148775 268579
148775 239589
148775 235285
148775 268582
148775 268580
148775 232767
148775 268584
148775 268585
148775 268586
148775 268588
148775 269081
148775 268589
148775 268590
148775 268591
148775 268587
148775 239587
148775 261188
148775 268583
148775 230056
148775 268539
148775 168600
148775 268535
148775 268538
148775 271050
148775 187919
148775 239662
148775 150994
148775 268581
268538 268543
268538 268542
268538 268541
268538 268540
268538 268579
268538 268580
268538 268582
268538 268584
268538 268585
268538 268586
268538 268588
268538 269081
268538 268589
268538 268590
268538 268591
268538 268587
268538 268583
268538 268539
268538 271050
268538 268581
268580 268582
268580 268584
268580 268585
268580 268586
268580 268588
268580 269081
268580 268589
268580 268590
268580 268591
268580 268587
268580 268583
268580 271050
268580 268581
268587 268588
268587 269081
268587 268589
268587 268590
268587 268591
268587 271050
239587 268543
239587 268542
239587 268541
239587 268537
239587 268536
239587 268540
239587 256186
239587 239588
239587 268579
239587 239589
239587 261188
239587 268580
239587 268582
239587 268584
239587 268585
239587 268586
239587 268588
239587 269081
239587 268589
239587 268590
239587 268591
239587 268587
239587 268583
239587 268539
239587 268535
239587 268538
239587 271050
239587 239662
239587 268581
269081 271050
268537 268543
268537 268542
268537 268541
268537 268540
268537 268579
268537 268580
268537 268582
268537 268584
268537 268585
268537 268586
268537 268588
268537 269081
268537 268589
268537 268590
268537 268591
268537 268587
268537 268583
268537 268539
268537 268538
268537 271050
268537 268581
239662 268543
239662 268539
239662 268538
239662 268536
239662 268535
239662 261188
239662 256186
239662 268537
239662 268579
239662 268580
239662 268588
239662 269081
239662 268582
239662 268583
239662 268584
239662 268585
239662 268586
239662 268590
239662 268591
239662 268587
239662 268540
239662 268589
239662 268541
239662 271050
239662 268542
239662 268581
232767 268543
232767 268542
232767 268541
232767 268537
232767 268536
232767 268540
232767 256186
232767 239588
232767 268579
232767 239589
232767 235285
232767 268580
232767 268582
232767 268584
232767 268585
232767 268586
232767 268588
232767 269081
232767 268589
232767 268590
232767 268591
232767 268587
232767 239587
232767 261188
232767 268583
232767 268539
232767 268535
232767 268538
232767 271050
232767 239662
232767 268581
132024 150631
132024 167033
132024 132025
132024 171907
132024 167030
132024 149658
132024 167032
132024 167034
132024 171906
132024 167035
132024 168121
132024 150629
132024 167031
132024 142449
132024 167029
132024 168843
132024 171908
23836 121672
23836 114228
23836 150631
23836 167033
23836 111989
23836 106528
23836 105410
23836 110962
23836 132025
23836 102523
23836 171907
23836 106704
23836 90656
23836 53073
23836 100150
23836 81929
23836 37620
23836 31661
23836 36301
23836 77423
23836 149658
23836 76582
23836 167029
23836 48448
23836 117932
23836 142449
23836 167032
23836 131323
23836 167034
23836 171906
23836 82566
23836 167035
23836 168121
23836 150629
23836 167031
23836 44424
23836 171908
23836 132024
23836 42226
23836 84450
23836 24184
23836 64059
23836 168843
23836 76583
23836 167030
42226 121672
42226 114228
42226 150631
42226 167033
42226 111989
42226 106528
42226 105410
42226 110962
42226 132025
42226 102523
42226 171907
42226 106704
42226 90656
42226 53073
42226 100150
42226 84450
42226 81929
42226 132024
42226 171908
42226 44424
42226 77423
42226 149658
42226 48448
42226 117932
42226 142449
42226 167032
42226 131323
42226 167034
42226 171906
42226 82566
42226 167035
42226 168121
42226 150629
42226 167031
42226 76582
42226 167029
42226 64059
42226 168843
42226 76583
42226 167030
167029 167033
167029 171907
167029 167030
167029 167032
167029 167034
167029 171906
167029 167035
167029 168121
167029 167031
167029 168843
167029 171908
168843 171907
168843 171906
168843 171908
48448 121672
48448 117932
48448 114228
48448 150631
48448 167033
48448 111989
48448 106528
48448 105410
48448 110962
48448 132025
48448 102523
48448 171907
48448 106704
48448 90656
48448 53073
48448 100150
48448 81929
48448 77423
48448 149658
48448 142449
48448 167032
48448 131323
48448 167034
48448 171906
48448 82566
48448 167035
48448 168121
48448 150629
48448 167031
48448 76582
48448 167029
48448 64059
48448 168843
48448 171908
48448 132024
48448 84450
48448 76583
48448 167030
53073 121672
53073 114228
53073 150631
53073 167033
53073 111989
53073 106528
53073 105410
53073 110962
53073 132025
53073 102523
53073 171907
53073 106704
53073 90656
53073 100150
53073 82566
53073 81929
53073 77423
53073 149658
53073 117932
53073 142449
53073 167032
53073 131323
53073 167034
53073 171906
53073 167035
53073 168121
53073 150629
53073 167031
53073 76582
53073 167029
53073 64059
53073 168843
53073 171908
53073 132024
53073 84450
53073 76583
53073 167030
77423 121672
77423 114228
77423 150631
77423 167033
77423 111989
77423 106528
77423 105410
77423 110962
77423 132025
77423 102523
77423 171907
77423 106704
77423 90656
77423 100150
77423 81929
77423 117932
77423 149658
77423 167032
77423 131323
77423 167034
77423 171906
77423 82566
77423 167035
77423 168121
77423 150629
77423 167031
77423 142449
77423 167029
77423 168843
77423 171908
77423 132024
77423 84450
77423 167030
171906 171907
171906 171908
82566 121672
82566 114228
82566 150631
82566 167033
82566 111989
82566 106528
82566 105410
82566 110962
82566 132025
82566 102523
82566 171907
82566 106704
82566 90656
82566 100150
82566 117932
82566 149658
82566 167032
82566 131323
82566 167034
82566 171906
82566 167035
82566 168121
82566 150629
82566 167031
82566 142449
82566 167029
82566 168843
82566 171908
82566 132024
82566 84450
82566 167030
110962 121672
110962 114228
110962 150631
110962 167033
110962 111989
110962 171907
110962 167030
110962 117932
110962 149658
110962 167032
110962 131323
110962 132025
110962 167034
110962 171906
110962 167035
110962 168121
110962 150629
110962 167031
110962 142449
110962 167029
110962 168843
110962 171908
110962 132024
171907 171908
121672 167035
121672 167034
121672 167032
121672 167031
121672 150629
121672 168121
121672 131323
121672 149658
121672 171907
121672 132025
121672 167033
121672 150631
121672 171906
121672 132024
121672 171908
121672 142449
121672 167030
121672 168843
121672 167029
132025 150631
132025 167033
132025 171907
132025 167030
132025 149658
132025 167032
132025 167034
132025 171906
132025 167035
132025 168121
132025 150629
132025 167031
132025 142449
132025 167029
132025 168843
132025 171908
106528 121672
106528 114228
106528 150631
106528 167033
106528 111989
106528 110962
106528 132025
106528 171907
106528 106704
106528 167030
106528 117932
106528 149658
106528 167032
106528 131323
106528 167034
106528 171906
106528 167035
106528 168121
106528 150629
106528 167031
106528 142449
106528 167029
106528 168843
106528 171908
106528 132024
106704 121672
106704 114228
106704 150631
106704 167033
106704 111989
106704 110962
106704 132025
106704 171907
106704 167030
106704 117932
106704 149658
106704 167032
106704 131323
106704 167034
106704 171906
106704 167035
106704 168121
106704 150629
106704 167031
106704 142449
106704 167029
106704 168843
106704 171908
106704 132024
167034 171907
167034 167035
167034 168121
167034 171906
167034 168843
167034 171908
100150 121672
100150 114228
100150 150631
100150 167033
100150 111989
100150 106704
100150 106528
100150 105410
100150 110962
100150 132025
100150 102523
100150 171907
100150 167030
100150 117932
100150 149658
100150 167032
100150 131323
100150 167034
100150 171906
100150 167035
100150 168121
100150 150629
100150 167031
100150 142449
100150 167029
100150 168843
100150 171908
100150 132024
2929 121672
2929 114228
2929 150631
2929 167033
2929 111989
2929 106528
2929 105410
2929 110962
2929 132025
2929 102523
2929 171907
2929 106704
2929 90656
2929 53073
2929 100150
2929 81929
2929 37620
2929 31661
2929 77423
2929 36301
2929 149658
2929 48448
2929 117932
2929 13652
2929 142449
2929 167032
2929 131323
2929 167034
2929 171906
2929 82566
2929 167035
2929 168121
2929 150629
2929 167031
2929 44424
2929 22761
2929 24184
2929 76582
2929 167029
2929 23836
2929 64059
2929 168843
2929 171908
2929 132024
2929 42226
2929 84450
2929 76583
2929 167030
150631 167033
150631 171907
150631 167030
150631 167032
150631 167034
150631 171906
150631 167035
150631 168121
150631 167031
150631 167029
150631 168843
150631 171908
13652 121672
13652 114228
13652 150631
13652 167033
13652 111989
13652 106528
13652 105410
13652 110962
13652 132025
13652 102523
13652 171907
13652 106704
13652 53073
13652 90656
13652 100150
13652 81929
13652 37620
13652 31661
13652 149658
13652 48448
13652 117932
13652 77423
13652 36301
13652 142449
13652 167032
13652 131323
13652 167034
13652 171906
13652 82566
13652 167035
13652 168121
13652 150629
13652 167031
13652 44424
13652 22761
13652 171908
13652 132024
13652 42226
13652 84450
13652 167029
13652 76582
13652 23836
13652 24184
13652 64059
13652 168843
13652 76583
13652 167030
237482 268666
237482 282780
237482 266703
117932 121672
117932 150631
117932 167033
117932 132025
117932 171907
117932 149658
117932 167032
117932 131323
117932 167034
117932 171906
117932 167035
117932 168121
117932 150629
117932 167031
117932 142449
117932 167029
117932 168843
117932 171908
117932 132024
117932 167030
168121 171907
168121 171906
168121 168843
168121 171908
114228 121672
114228 132025
114228 171907
114228 167030
114228 149658
114228 117932
114228 150631
114228 167033
114228 167032
114228 131323
114228 167034
114228 171906
114228 167035
114228 168121
114228 150629
114228 167031
114228 142449
114228 167029
114228 168843
114228 171908
114228 132024
31661 121672
31661 114228
31661 150631
31661 167033
31661 111989
31661 106528
31661 105410
31661 110962
31661 132025
31661 102523
31661 171907
31661 106704
31661 90656
31661 53073
31661 100150
31661 81929
31661 37620
31661 76583
31661 167030
31661 77423
31661 36301
31661 149658
31661 48448
31661 117932
31661 142449
31661 167032
31661 131323
31661 167034
31661 171906
31661 82566
31661 167035
31661 168121
31661 150629
31661 167031
31661 44424
31661 76582
31661 167029
31661 64059
31661 168843
31661 171908
31661 132024
31661 42226
31661 84450
37620 121672
37620 114228
37620 150631
37620 167033
37620 111989
37620 106528
37620 105410
37620 110962
37620 132025
37620 102523
37620 171907
37620 106704
37620 90656
37620 53073
37620 100150
37620 81929
37620 76583
37620 167030
37620 77423
37620 149658
37620 48448
37620 117932
37620 142449
37620 167032
37620 131323
37620 167034
37620 171906
37620 82566
37620 167035
37620 168121
37620 150629
37620 167031
37620 44424
37620 76582
37620 167029
37620 64059
37620 168843
37620 171908
37620 132024
37620 42226
37620 84450
22761 121672
22761 114228
22761 150631
22761 167033
22761 111989
22761 106528
22761 105410
22761 110962
22761 132025
22761 102523
22761 171907
22761 106704
22761 90656
22761 53073
22761 100150
22761 81929
22761 37620
22761 31661
22761 77423
22761 36301
22761 149658
22761 48448
22761 117932
22761 142449
22761 167032
22761 131323
22761 167034
22761 171906
22761 82566
22761 167035
22761 168121
22761 150629
22761 167031
22761 44424
22761 76582
22761 167029
22761 23836
22761 24184
22761 64059
22761 168843
22761 171908
22761 132024
22761 42226
22761 84450
22761 76583
22761 167030
167032 167033
167032 171907
167032 167034
167032 171906
167032 167035
167032 168121
167032 168843
167032 171908
84450 121672
84450 114228
84450 150631
84450 167033
84450 111989
84450 106528
84450 105410
84450 110962
84450 132025
84450 102523
84450 171907
84450 106704
84450 90656
84450 100150
84450 117932
84450 149658
84450 167032
84450 131323
84450 167034
84450 171906
84450 167035
84450 168121
84450 150629
84450 167031
84450 142449
84450 167029
84450 168843
84450 171908
84450 132024
84450 167030
90656 121672
90656 114228
90656 150631
90656 167033
90656 111989
90656 106528
90656 105410
90656 110962
90656 132025
90656 102523
90656 171907
90656 106704
90656 100150
90656 167030
90656 117932
90656 149658
90656 167032
90656 131323
90656 167034
90656 171906
90656 167035
90656 168121
90656 150629
90656 167031
90656 142449
90656 167029
90656 168843
90656 171908
90656 132024
76582 121672
76582 114228
76582 150631
76582 167033
76582 111989
76582 106528
76582 105410
76582 110962
76582 132025
76582 102523
76582 171907
76582 106704
76582 90656
76582 100150
76582 81929
76582 117932
76582 149658
76582 167032
76582 131323
76582 167034
76582 171906
76582 82566
76582 167035
76582 168121
76582 150629
76582 167031
76582 142449
76582 77423
76582 167029
76582 168843
76582 171908
76582 132024
76582 84450
76582 76583
76582 167030
142449 150631
142449 167033
142449 171907
142449 167030
142449 149658
142449 167032
142449 167034
142449 171906
142449 167035
142449 168121
142449 150629
142449 167031
142449 167029
142449 168843
142449 171908
131323 150631
131323 167033
131323 132025
131323 171907
131323 167030
131323 149658
131323 167032
131323 167034
131323 171906
131323 167035
131323 168121
131323 150629
131323 167031
131323 142449
131323 167029
131323 168843
131323 171908
131323 132024
150629 150631
150629 167033
150629 171907
150629 167030
150629 167032
150629 167034
150629 171906
150629 167035
150629 168121
150629 167031
150629 167029
150629 168843
150629 171908
167031 167033
167031 171907
167031 167032
167031 167034
167031 171906
167031 167035
167031 168121
167031 168843
167031 171908
167030 167033
167030 171907
167030 167032
167030 167034
167030 171906
167030 167035
167030 168121
167030 167031
167030 168843
167030 171908
81929 121672
81929 114228
81929 150631
81929 167033
81929 111989
81929 106528
81929 105410
81929 110962
81929 132025
81929 102523
81929 171907
81929 106704
81929 90656
81929 100150
81929 167030
81929 84450
81929 117932
81929 149658
81929 167032
81929 131323
81929 167034
81929 171906
81929 82566
81929 167035
81929 168121
81929 150629
81929 167031
81929 142449
81929 167029
81929 168843
81929 171908
81929 132024
44424 121672
44424 114228
44424 150631
44424 167033
44424 111989
44424 106528
44424 105410
44424 110962
44424 132025
44424 102523
44424 171907
44424 106704
44424 90656
44424 53073
44424 100150
44424 81929
44424 77423
44424 149658
44424 48448
44424 117932
44424 142449
44424 167032
44424 131323
44424 167034
44424 171906
44424 82566
44424 167035
44424 168121
44424 150629
44424 167031
44424 76582
44424 167029
44424 64059
44424 168843
44424 171908
44424 132024
44424 84450
44424 76583
44424 167030
167035 171907
167035 171906
167035 168121
167035 168843
167035 171908
24184 121672
24184 114228
24184 150631
24184 167033
24184 111989
24184 106528
24184 105410
24184 110962
24184 132025
24184 102523
24184 171907
24184 106704
24184 90656
24184 53073
24184 100150
24184 81929
24184 37620
24184 31661
24184 77423
24184 36301
24184 149658
24184 48448
24184 117932
24184 142449
24184 167032
24184 131323
24184 167034
24184 171906
24184 82566
24184 167035
24184 168121
24184 150629
24184 167031
24184 44424
24184 76582
24184 167029
24184 64059
24184 168843
24184 171908
24184 132024
24184 42226
24184 84450
24184 76583
24184 167030
149658 150631
149658 167033
149658 171907
149658 167030
149658 167032
149658 167034
149658 171906
149658 167035
149658 168121
149658 150629
149658 167031
149658 167029
149658 168843
149658 171908
167033 171907
167033 167034
167033 171906
167033 167035
167033 168121
167033 168843
167033 171908
105410 121672
105410 114228
105410 150631
105410 167033
105410 111989
105410 106528
105410 110962
105410 132025
105410 171907
105410 106704
105410 167030
105410 117932
105410 149658
105410 167032
105410 131323
105410 167034
105410 171906
105410 167035
105410 168121
105410 150629
105410 167031
105410 142449
105410 167029
105410 168843
105410 171908
105410 132024
76583 121672
76583 114228
76583 150631
76583 167033
76583 111989
76583 106528
76583 105410
76583 110962
76583 132025
76583 102523
76583 171907
76583 106704
76583 90656
76583 100150
76583 81929
76583 117932
76583 149658
76583 167030
76583 167032
76583 131323
76583 167034
76583 171906
76583 82566
76583 167035
76583 168121
76583 150629
76583 167031
76583 142449
76583 77423
76583 167029
76583 168843
76583 171908
76583 132024
76583 84450
102523 121672
102523 114228
102523 150631
102523 167033
102523 111989
102523 110962
102523 132025
102523 106528
102523 105410
102523 106704
102523 167030
102523 117932
102523 149658
102523 131323
102523 167034
102523 171906
102523 167035
102523 171907
102523 168121
102523 150629
102523 167031
102523 167032
102523 142449
102523 167029
102523 168843
102523 171908
102523 132024
111989 121672
111989 114228
111989 150631
111989 167033
111989 132025
111989 171907
111989 167030
111989 117932
111989 149658
111989 167032
111989 131323
111989 167034
111989 171906
111989 167035
111989 168121
111989 150629
111989 167031
111989 142449
111989 167029
111989 168843
111989 171908
111989 132024
266703 268666
266703 282780
268666 282780
235614 236038
235614 237481
235614 236037
235614 235621
235614 236036
235614 235620
235614 235619
235614 235618
235614 235617
235614 235616
235614 235615
268542 268543
268542 268579
268542 268581
268542 268580
268542 268582
268542 268584
268542 268585
268542 268586
268542 268588
268542 269081
268542 268589
268542 268590
268542 268591
268542 268587
268542 268583
268542 271050
235619 236038
235619 237481
235619 236037
235619 235621
235619 236036
235619 235620
149420 149421
149420 149422
149420 149425
149420 167811
149420 188103
149420 188944
149420 188104
149420 150994
149420 197560
149420 196487
149420 188102
149420 192622
149420 189161
149420 149423
149420 199738
149420 167016
149420 149424
167811 189161
167811 237482
167811 188965
167811 188102
167811 192622
167811 235619
167811 235603
167811 236036
167811 235620
167811 188104
167811 188944
167811 235613
167811 188103
167811 235608
167811 235611
167811 235612
167811 235614
167811 235617
167811 235618
167811 235609
167811 236038
167811 237481
167811 235607
167811 268666
167811 235606
167811 235616
167811 282780
167811 235605
167811 210316
167811 196487
167811 235604
167811 197560
167811 235615
167811 199738
167811 266703
167811 235610
167811 235621
167811 236037
188102 196487
188102 197560
188102 188103
188102 188944
188102 192622
188102 189161
188102 199738
188102 188104
196487 197560
196487 199738
197560 199738
19643 268582
19643 268539
19643 268538
19643 268536
19643 189161
19643 148775
19643 261188
19643 256186
19643 239589
19643 239588
19643 192622
19643 167016
19643 268541
19643 149420
19643 268542
19643 149421
19643 223289
19643 48649
19643 111838
19643 149423
19643 168600
19643 149425
19643 268540
19643 154257
19643 199215
19643 268591
19643 199738
19643 268590
19643 150994
19643 268589
19643 268588
19643 268587
19643 239662
19643 271050
19643 102133
19643 187919
19643 268585
19643 196487
19643 268583
19643 167811
19643 268586
19643 149424
19643 188102
19643 27442
19643 149422
19643 239587
19643 268543
19643 268584
19643 36301
19643 95051
19643 188104
19643 268581
19643 232767
19643 268580
19643 126914
19643 66437
19643 188103
19643 268579
19643 103556
19643 64059
19643 77642
19643 102416
19643 269081
19643 188944
19643 268535
19643 197560
19643 230056
19643 268537
19643 235285
36301 167032
36301 150994
36301 149423
36301 132024
36301 149658
36301 149422
36301 131323
36301 167034
36301 126914
36301 121672
36301 117932
36301 171907
36301 167033
36301 37620
36301 150631
36301 90656
36301 53073
36301 149420
36301 167030
36301 76583
36301 81929
36301 149425
36301 100150
36301 105410
36301 167035
36301 199738
36301 142449
36301 102523
36301 188102
36301 168121
36301 192622
36301 167016
36301 82566
36301 188103
36301 77642
36301 188944
36301 188104
36301 189161
36301 167811
36301 77423
36301 171908
36301 42226
36301 196487
36301 171906
36301 197560
36301 168843
36301 103556
36301 64059
36301 84450
36301 102416
36301 76582
36301 106704
36301 167029
36301 44424
36301 48649
36301 111838
36301 149421
36301 111989
36301 106528
36301 150629
36301 167031
36301 48448
36301 110962
36301 149424
36301 132025
36301 95051
36301 114228
48649 189161
48649 237482
48649 188965
48649 188102
48649 150994
48649 149424
48649 236036
48649 149423
48649 167016
48649 192622
48649 149420
48649 235619
48649 235603
48649 64059
48649 95051
48649 188104
48649 126914
48649 188944
48649 235613
48649 188103
48649 103556
48649 77642
48649 83901
48649 149422
48649 235621
48649 235608
48649 235611
48649 235612
48649 235614
48649 235617
48649 235618
48649 235609
48649 236038
48649 237481
48649 235607
48649 268666
48649 235606
48649 235616
48649 282780
48649 235605
48649 210316
48649 196487
48649 235604
48649 197560
48649 235615
48649 199738
48649 266703
48649 235610
48649 102416
48649 167811
48649 149425
48649 236037
48649 111838
48649 149421
48649 235620
64059 167032
64059 150994
64059 149423
64059 132024
64059 149658
64059 149422
64059 131323
64059 167034
64059 126914
64059 121672
64059 117932
64059 171907
64059 167033
64059 150631
64059 90656
64059 149420
64059 167030
64059 76583
64059 81929
64059 149425
64059 100150
64059 103556
64059 82566
64059 188103
64059 105410
64059 167035
64059 199738
64059 142449
64059 102523
64059 188102
64059 168121
64059 192622
64059 167016
64059 77642
64059 188944
64059 188104
64059 189161
64059 167811
64059 77423
64059 171908
64059 196487
64059 171906
64059 197560
64059 168843
64059 150629
64059 167031
64059 111838
64059 149421
64059 111989
64059 106528
64059 84450
64059 102416
64059 76582
64059 106704
64059 167029
64059 110962
64059 149424
64059 132025
64059 95051
64059 114228
77642 149421
77642 111838
77642 149422
77642 149420
77642 196487
77642 197560
77642 103556
77642 102416
77642 149425
77642 167811
77642 126914
77642 188104
77642 95051
77642 192622
77642 189161
77642 188944
77642 188103
77642 149423
77642 199738
77642 188102
77642 150994
77642 167016
77642 149424
95051 149421
95051 111838
95051 149422
95051 149420
95051 196487
95051 197560
95051 103556
95051 102416
95051 149425
95051 167811
95051 188103
95051 188944
95051 192622
95051 189161
95051 188102
95051 150994
95051 149423
95051 199738
95051 167016
95051 149424
95051 126914
95051 188104
102416 149421
102416 111838
102416 149422
102416 149420
102416 196487
102416 197560
102416 103556
102416 188103
102416 188944
102416 126914
102416 188104
102416 192622
102416 189161
102416 188102
102416 150994
102416 167811
102416 149425
102416 149423
102416 199738
102416 167016
102416 149424
103556 149420
103556 196487
103556 197560
103556 149421
103556 111838
103556 149422
103556 149425
103556 167811
103556 188103
103556 188944
103556 126914
103556 188104
103556 192622
103556 189161
103556 188102
103556 150994
103556 149423
103556 199738
103556 167016
103556 149424
111838 149421
111838 149420
111838 196487
111838 197560
111838 149425
111838 167811
111838 188103
111838 188944
111838 126914
111838 188104
111838 192622
111838 189161
111838 188102
111838 150994
111838 149423
111838 199738
111838 167016
111838 149422
111838 149424
126914 149421
126914 149422
126914 149420
126914 196487
126914 197560
126914 149425
126914 167811
126914 188103
126914 188944
126914 192622
126914 189161
126914 188102
126914 150994
126914 149423
126914 199738
126914 167016
126914 188104
126914 149424
149421 149422
149421 196487
149421 197560
149421 149425
149421 167811
149421 188103
149421 188944
149421 188104
149421 192622
149421 189161
149421 188102
149421 150994
149421 149423
149421 199738
149421 167016
149421 149424
149422 196487
149422 197560
149422 149425
149422 167811
149422 188103
149422 188944
149422 188104
149422 192622
149422 189161
149422 188102
149422 150994
149422 149423
149422 199738
149422 167016
149422 149424
149423 196487
149423 197560
149423 149425
149423 167811
149423 188103
149423 188944
149423 199738
149423 192622
149423 189161
149423 188102
149423 150994
149423 167016
149423 149424
149423 188104
149424 196487
149424 197560
149424 149425
149424 167811
149424 188103
149424 188944
149424 192622
149424 189161
149424 188102
149424 150994
149424 199738
149424 167016
149424 188104
150994 268582
150994 268581
150994 232767
150994 268539
150994 268538
150994 268536
150994 189161
150994 261188
150994 256186
150994 239589
150994 268541
150994 192622
150994 167016
150994 268584
150994 168600
150994 188102
150994 268540
150994 154257
150994 199215
150994 268591
150994 199738
150994 268590
150994 268589
150994 268588
150994 268587
150994 239662
150994 271050
150994 187919
150994 223289
150994 268542
150994 268585
150994 196487
150994 268583
150994 167811
150994 268586
150994 188104
150994 268580
150994 188103
150994 268579
150994 269081
150994 188944
150994 268535
150994 197560
150994 230056
150994 268537
150994 235285
150994 268543
150994 239587
150994 239588
149425 196487
149425 197560
149425 167811
149425 188103
149425 188944
149425 188104
149425 192622
149425 189161
149425 188102
149425 150994
149425 199738
149425 167016
167016 196487
167016 197560
167016 167811
167016 188103
167016 188944
167016 192622
167016 189161
167016 188102
167016 199738
167016 188104
188944 189161
188944 237482
188944 188965
188944 192622
188944 235619
188944 235603
188944 236036
188944 235620
188944 235608
188944 235611
188944 235612
188944 235613
188944 235614
188944 235617
188944 235618
188944 235609
188944 236038
188944 237481
188944 268666
188944 235606
188944 235616
188944 282780
188944 235607
188944 235605
188944 210316
188944 196487
188944 235604
188944 197560
188944 235615
188944 199738
188944 266703
188944 235610
188944 235621
188944 236037
188103 196487
188103 197560
188103 188944
188103 188104
188103 192622
188103 189161
188103 199738
188104 196487
188104 197560
188104 188944
188104 192622
188104 189161
188104 199738
189161 196487
189161 197560
189161 192622
189161 199738
192622 196487
192622 197560
192622 199738
18971 149421
18971 111838
18971 149422
18971 149420
18971 196487
18971 197560
18971 103556
18971 102416
18971 149425
18971 167811
18971 77642
18971 188103
18971 188944
18971 192622
18971 189161
18971 188102
18971 167016
18971 36301
18971 150994
18971 149423
18971 199738
18971 149424
18971 48649
18971 64059
18971 95051
18971 126914
18971 19643
18971 188104
